0,1,1,3,3
0,1,1,2,2
0,1,0,4,2
0,7,1,3,3
0,7,0,4,3
0,12,1,2,4
0,13,1,3,3
0,13,1,2,2
0,13,0,4,3
0,17,0,4,1
0,17,1,3,1
0,17,1,4,2
0,17,0,2,1
0,13,1,4,3
0,13,0,2,2
0,13,1,3,1
0,12,1,3,3
0,12,0,2,3
0,12,1,4,3
0,7,1,4,3
0,7,0,2,2
0,1,1,4,2
0,1,0,2,1
1,5,0,2,1
1,5,1,4,5
1,5,1,3,4
1,6,1,4,4
1,6,0,2,2
1,6,1,3,3
1,12,1,4,5
1,14,0,2,2
1,19,0,2,3
1,19,1,4,5
1,19,1,3,4
1,19,0,3,3
1,19,1,4,2
1,14,1,2,1
1,14,0,3,3
1,12,1,4,3
1,12,0,3,2
1,6,0,3,1
1,6,1,4,3
1,6,1,2,1
1,5,1,4,3
1,5,1,2,1
1,5,0,3,1
2,2,1,4,2
2,2,0,2,2
2,2,1,3,4
2,6,1,4,4
2,6,0,2,2
2,6,1,3,3
2,10,0,2,2
2,10,1,4,5
2,15,0,2,1
2,15,1,3,2
2,17,0,2,2
2,17,1,4,3
2,17,1,3,3
2,17,0,4,2
2,17,1,3,1
2,17,1,2,1
2,15,1,3,1
2,15,0,4,3
2,15,1,2,1
2,10,1,2,1
2,6,1,2,3
2,2,1,3,2
2,2,0,4,3
2,2,1,2,2
3,0,1,2,4
3,0,1,3,2
3,0,0,4,3
3,6,1,2,2
3,6,0,4,2
3,6,1,3,2
3,11,1,3,3
3,11,0,4,1
3,14,1,3,2
3,14,0,4,2
3,17,1,2,4
3,17,0,4,2
3,17,1,3,1
3,17,1,4,1
3,14,1,4,1
3,14,0,2,1
3,14,1,3,1
3,11,1,3,1
3,11,1,4,1
3,11,0,2,1
3,6,0,2,1
3,6,1,4,1
3,6,1,3,1
3,0,1,4,1
3,0,1,3,1
4,3,1,3,5
4,3,0,2,2
4,3,1,4,3
4,8,1,3,3
4,8,0,2,3
4,8,1,4,5
4,9,1,4,4
4,9,1,3,3
4,9,0,2,2
4,13,0,2,3
4,18,0,2,3
4,18,1,3,4
4,18,1,3,2
4,18,1,2,2
4,18,0,4,3
4,13,1,3,2
4,9,0,4,2
4,9,1,2,2
4,8,1,2,2
4,8,1,3,2
4,8,0,4,2
4,3,1,3,2
5,2,0,3,2
5,2,1,2,5
5,2,1,4,5
5,8,1,2,5
5,8,1,4,5
5,12,1,2,5
5,12,0,3,3
5,12,1,4,5
5,15,0,3,2
5,15,1,2,5
5,15,1,4,5
5,17,0,3,2
5,17,1,2,5
5,17,1,4,5
5,17,1,4,2
5,17,0,2,3
5,17,1,3,2
5,15,0,2,1
5,15,1,4,3
5,15,1,3,2
5,12,0,2,1
5,12,1,4,1
5,8,1,4,3
5,8,0,2,1
5,8,1,3,3
5,2,0,2,1
5,2,1,4,1
5,2,1,3,3
6,0,1,3,3
6,0,0,2,2
6,7,0,2,2
6,9,0,2,2
6,9,1,4,5
6,9,1,3,3
6,14,0,2,3
6,19,1,3,2
6,19,0,2,2
6,19,1,4,2
6,19,1,2,3
6,19,1,3,3
6,14,0,4,3
6,14,1,2,3
6,14,1,3,3
6,9,0,4,3
6,7,0,4,3
6,7,1,2,3
6,0,0,4,3
6,0,1,2,3
7,2,1,2,5
7,2,1,3,5
7,2,0,4,5
7,6,0,4,5
7,6,1,3,5
7,11,0,4,5
7,11,1,2,5
7,15,1,3,4
7,15,0,4,4
7,15,1,2,4
7,19,1,3,5
7,19,0,4,5
7,19,1,2,5
7,19,1,3,2
7,15,0,2,2
7,15,1,3,2
7,11,1,4,2
7,11,0,2,3
7,6,1,4,2
7,6,1,3,2
7,2,1,4,3
7,2,0,2,3
8,0,1,2,1
8,0,0,3,2
8,0,1,4,5
8,8,1,2,1
8,8,1,4,5
8,11,1,2,2
8,11,0,3,3
8,11,1,4,5
8,14,0,3,3
8,14,1,2,1
8,18,1,4,5
8,18,1,3,1
8,18,0,2,1
8,14,1,4,3
8,14,0,2,2
8,14,1,3,2
8,11,1,3,3
8,11,1,4,3
8,8,1,3,1
8,8,1,4,3
8,8,0,2,1
8,0,1,4,3
8,0,0,2,1
9,3,1,3,3
9,3,1,4,3
9,6,0,2,3
9,6,1,4,3
9,6,1,3,3
9,11,1,3,3
9,11,0,2,3
9,11,1,4,3
9,16,1,3,3
9,16,0,2,3
9,16,1,4,3
9,18,1,3,3
9,18,0,2,3
9,18,1,4,3
9,18,1,3,2
9,18,1,2,2
9,18,0,4,2
9,16,0,4,2
9,16,1,3,2
9,11,0,4,2
9,11,1,3,2
9,11,1,2,2
9,6,0,4,2
9,3,1,3,2
9,3,1,2,2
10,4,1,2,1
10,4,0,3,2
10,6,1,2,3
10,6,1,4,3
10,6,0,3,2
10,10,0,3,2
10,10,1,4,4
10,10,1,2,2
10,15,0,3,4
10,15,1,2,5
10,15,1,4,2
10,18,0,3,3
10,18,1,2,1
10,18,1,4,4
10,18,1,3,2
10,18,0,2,1
10,15,1,4,3
10,15,1,3,3
10,10,1,3,2
10,10,0,2,1
10,6,0,2,2
10,6,1,3,2
10,4,1,4,3
10,4,1,3,1
11,1,1,2,1
11,1,0,4,2
11,1,1,3,4
11,7,1,2,1
11,7,0,4,1
11,7,1,3,4
11,10,1,3,5
11,10,1,2,2
11,10,0,4,4
11,15,1,3,3
11,15,1,2,1
11,15,0,4,1
11,17,1,2,2
11,17,0,4,2
11,17,1,3,4
11,17,1,3,3
11,17,1,4,3
11,17,0,2,3
11,15,1,4,3
11,15,0,2,3
11,10,0,2,3
11,10,1,3,3
11,7,1,3,2
11,7,0,2,2
11,7,1,4,3
11,1,1,4,3
11,1,0,2,3
12,1,1,3,2
12,1,0,4,4
12,7,1,3,3
12,7,1,2,1
12,7,0,4,4
12,12,1,2,1
12,12,0,4,2
12,14,1,3,3
12,14,1,2,3
12,19,1,2,2
12,19,0,4,2
12,19,0,3,1
12,19,1,2,3
12,12,0,3,1
12,7,1,4,3
12,1,1,4,3
12,1,1,2,3
12,1,0,3,3
13,4,1,2,1
13,4,1,4,5
13,4,0,3,3
13,8,0,3,3
13,8,1,4,5
13,8,1,2,1
13,12,1,4,5
13,12,0,3,4
13,14,1,2,1
13,14,1,4,5
13,17,1,4,5
13,17,1,3,2
13,17,0,4,3
13,14,0,4,3
13,14,1,3,2
13,12,0,4,3
13,12,1,3,2
13,8,0,4,3
13,8,1,3,2
13,4,0,4,3
14,3,0,4,2
14,7,1,2,1
14,7,1,3,2
14,7,0,4,2
14,10,1,2,4
14,10,1,3,5
14,10,0,4,4
14,14,0,4,3
14,14,1,3,4
14,19,0,4,3
14,19,1,2,4
14,19,1,3,3
14,19,1,4,1
14,19,0,2,3
14,19,1,3,1
14,14,1,4,3
14,14,1,3,3
14,10,1,4,3
14,10,0,2,3
14,7,1,4,3
14,7,0,2,1
14,3,0,2,1
14,3,1,4,3
15,5,1,3,2
15,5,0,2,1
15,7,1,3,2
15,7,0,2,2
15,7,1,4,2
15,11,0,2,3
15,11,1,3,5
15,13,0,2,5
15,13,1,3,5
15,13,1,4,5
15,19,1,3,3
15,19,1,4,2
15,19,1,3,1
15,19,1,2,3
15,19,0,4,1
15,13,1,3,3
15,13,1,2,3
15,11,0,4,3
15,11,1,3,3
15,7,1,3,3
15,7,0,4,1
15,5,1,3,3
15,5,0,4,3
15,5,1,2,1
16,1,0,4,2
16,1,1,2,2
16,1,1,3,3
16,8,1,2,2
16,8,0,4,2
16,8,1,3,5
16,10,1,3,3
16,10,0,4,2
16,10,1,2,1
16,14,1,2,3
16,14,0,4,5
16,14,1,3,5
16,17,1,2,1
16,17,0,4,1
16,17,1,3,2
16,17,1,4,3
16,17,0,2,1
16,17,1,3,1
16,14,1,4,3
16,14,1,3,3
16,14,0,2,2
16,10,0,2,1
16,10,1,4,3
16,10,1,3,1
16,8,1,4,3
16,1,1,4,3
16,1,0,2,1
17,3,1,3,1
17,3,1,2,1
17,3,0,4,1
17,8,1,3,5
17,8,1,2,5
17,8,0,4,5
17,11,1,3,4
17,11,0,4,3
17,14,1,3,2
17,14,1,2,2
17,14,0,4,2
17,19,1,3,4
17,19,1,2,5
17,19,0,4,5
17,19,1,4,3
17,19,1,3,2
17,19,0,2,3
17,14,0,2,1
17,14,1,4,1
17,14,1,3,1
17,8,1,4,3
17,8,0,2,3
17,8,1,3,3
18,2,1,2,2
18,2,1,3,2
18,7,1,2,4
18,7,1,3,2
18,7,0,4,2
18,12,1,2,3
18,12,0,4,2
18,14,1,2,4
18,14,1,3,3
18,14,0,4,4
18,18,1,2,2
18,18,0,4,3
18,18,1,3,4
18,18,0,3,2
18,18,1,2,3
18,18,1,4,3
18,14,1,2,2
18,14,1,4,3
18,12,1,2,1
18,12,1,4,2
18,12,0,3,1
18,7,1,4,1
18,7,1,2,2
18,7,0,3,1
18,2,0,3,2
18,2,1,4,2
19,2,1,2,1
19,2,1,3,4
19,2,0,4,2
19,6,1,2,1
19,6,1,3,3
19,12,1,2,5
19,12,1,3,5
19,12,0,4,5
19,13,1,3,5
19,13,0,4,5
19,18,1,2,2
19,18,0,4,3
19,18,1,3,2
19,18,0,2,1
19,18,1,4,3
19,13,1,4,3
19,13,0,2,3
19,12,1,3,3
19,12,1,4,3
19,12,0,2,3
19,6,1,3,1
19,6,0,2,1
19,6,1,4,3
19,2,0,2,1
19,2,1,4,3
20,2,1,2,2
20,2,1,4,5
20,2,0,3,3
20,8,1,2,2
20,8,1,4,2
20,8,0,3,2
20,9,0,3,2
20,9,1,4,4
20,15,1,2,2
20,15,1,4,4
20,19,1,2,2
20,19,1,4,2
20,19,0,3,2
20,19,1,3,3
20,19,1,2,1
20,15,1,3,3
20,15,1,2,1
20,9,1,3,3
20,9,0,4,1
20,8,1,3,3
20,8,0,4,2
20,2,1,3,3
20,2,1,2,3
21,2,0,2,3
21,2,1,4,3
21,2,1,3,3
21,6,0,2,3
21,6,1,4,3
21,6,1,3,3
21,11,1,4,3
21,11,1,3,5
21,16,1,4,3
21,16,1,3,3
21,17,0,2,3
21,17,1,4,3
21,17,1,3,3
21,17,0,4,3
21,17,1,2,3
21,16,1,2,3
21,11,0,4,3
21,11,1,3,3
21,11,1,2,3
21,6,0,4,3
21,2,1,2,3
21,2,0,4,3
22,5,1,4,1
22,8,1,3,3
22,8,0,2,2
22,8,1,4,3
22,9,0,2,1
22,9,1,4,3
22,9,1,3,1
22,13,0,2,1
22,13,1,3,2
22,13,1,4,2
22,18,0,2,3
22,18,1,3,2
22,18,1,4,3
22,18,0,4,2
22,18,1,2,2
22,13,1,2,2
22,13,0,4,2
22,9,1,2,2
22,9,1,3,2
22,8,0,4,2
22,8,1,2,2
22,8,1,3,2
22,5,1,3,2
22,5,0,4,2
23,0,1,2,4
23,0,1,3,4
23,6,0,4,4
23,6,1,2,4
23,12,1,2,2
23,12,1,3,3
23,12,0,4,2
23,13,1,2,2
23,18,1,3,4
23,18,0,4,4
23,18,1,2,1
23,18,0,3,1
23,18,1,4,1
23,12,1,4,1
23,6,0,3,1
23,6,1,2,1
23,6,1,4,1
23,0,1,4,3
23,0,1,2,3
23,0,0,3,3
24,3,0,4,1
24,3,1,2,1
24,3,1,3,3
24,7,1,3,3
24,7,1,2,3
24,7,0,4,2
24,10,1,3,3
24,10,0,4,2
24,13,1,2,2
24,13,0,4,2
24,17,1,2,2
24,17,1,4,3
24,17,0,2,1
24,17,1,3,3
24,13,1,4,3
24,13,0,2,1
24,7,1,4,3
24,7,0,2,1
24,3,1,3,1
24,3,0,2,1
24,3,1,4,2
25,3,1,3,2
25,3,1,2,3
25,3,0,4,2
25,7,1,3,3
25,10,1,2,4
25,10,1,3,1
25,10,0,4,2
25,15,1,2,4
25,15,0,4,2
25,18,1,2,2
25,18,0,4,2
25,18,1,3,1
25,18,1,4,1
25,15,1,4,1
25,15,0,2,1
25,10,1,4,1
25,7,1,4,1
25,3,1,4,1
25,3,0,2,2
26,0,1,4,5
26,7,1,2,2
26,7,1,4,5
26,9,0,3,2
26,9,1,2,3
26,15,0,3,4
26,17,1,4,5
26,17,0,3,2
26,17,1,2,2
26,17,0,4,3
26,17,1,2,1
26,17,1,3,2
26,15,0,4,3
26,15,1,3,3
26,9,0,4,3
26,9,1,3,2
26,9,1,2,1
26,7,1,3,2
26,7,0,4,3
26,0,0,4,3
27,3,1,4,2
27,3,0,3,1
27,8,1,2,2
27,8,1,4,4
27,8,0,3,3
27,12,1,2,2
27,12,1,4,3
27,12,0,3,1
27,16,1,2,2
27,16,1,4,4
27,16,0,3,3
27,17,1,4,3
27,17,0,3,1
27,17,1,2,1
27,17,1,4,2
27,17,1,3,1
27,17,0,2,1
27,16,1,3,2
27,16,0,2,1
27,16,1,4,3
27,12,1,4,1
27,12,0,2,1
27,12,1,3,1
27,8,0,2,2
27,8,1,3,1
27,8,1,4,3
27,3,1,3,1
27,3,0,2,1
27,3,1,4,1
28,3,0,2,1
28,7,0,2,2
28,7,1,4,2
28,7,1,3,2
28,11,1,4,5
28,14,1,3,2
28,14,0,2,1
28,14,1,4,2
28,18,0,2,2
28,18,1,4,5
28,18,1,3,2
28,18,1,2,1
28,14,1,4,3
28,14,0,3,3
28,14,1,2,2
28,11,1,4,3
28,11,0,3,3
28,11,1,2,2
28,7,1,4,3
28,7,0,3,1
28,3,0,3,1
28,3,1,2,1
29,0,1,3,3
29,0,0,2,3
29,0,1,4,5
29,6,0,2,2
29,6,1,4,5
29,6,1,3,4
29,9,1,3,4
29,15,1,4,5
29,15,1,3,3
29,19,0,2,3
29,19,1,4,5
29,19,1,3,3
29,19,0,4,2
29,19,1,3,2
29,19,1,2,2
29,15,1,2,1
29,15,0,4,3
29,9,0,4,3
29,9,1,2,1
29,9,1,3,1
29,6,1,3,2
29,6,0,4,3
29,6,1,2,2
29,0,1,2,1
29,0,0,4,3
30,0,0,2,2
30,0,1,4,5
30,0,1,3,5
30,6,0,2,1
30,6,1,4,5
30,9,0,2,2
30,9,1,3,5
30,9,1,4,5
30,14,0,2,5
30,14,1,3,5
30,14,1,4,5
30,19,1,3,5
30,19,1,4,5
30,19,1,3,3
30,19,1,2,3
30,14,1,3,3
30,9,1,3,1
30,9,1,2,3
30,9,0,4,3
30,6,0,4,3
30,6,1,2,3
30,6,1,3,3
30,0,1,2,1
30,0,0,4,3
30,0,1,3,3
31,2,1,2,4
31,2,1,3,5
31,2,0,4,4
31,8,1,2,1
31,8,0,4,2
31,8,1,3,3
31,10,1,2,2
31,13,1,3,5
31,13,0,4,4
31,13,1,2,5
31,19,1,3,3
31,19,0,4,2
31,19,1,2,1
31,19,1,4,3
31,19,0,2,1
31,13,1,3,3
31,13,0,2,3
31,10,1,3,3
31,10,1,4,3
31,10,0,2,1
31,8,1,4,3
31,8,0,2,1
31,2,1,4,3
31,2,0,2,1
32,3,1,2,3
32,3,1,3,2
32,6,1,2,3
32,6,0,4,3
32,12,1,2,3
32,12,0,4,3
32,12,1,3,3
32,13,1,2,3
32,13,0,4,3
32,13,1,3,3
32,18,1,3,3
32,18,1,2,3
32,18,0,4,3
32,18,0,3,2
32,18,1,2,1
32,18,1,4,3
32,13,0,3,1
32,13,1,2,1
32,12,0,3,2
32,12,1,4,3
32,12,1,2,2
32,6,0,3,2
32,6,1,4,3
32,6,1,2,1
32,3,1,4,3
33,4,0,3,3
33,4,1,4,4
33,6,1,2,2
33,6,0,3,3
33,6,1,4,3
33,12,1,2,3
33,12,1,4,3
33,14,1,2,3
33,14,1,4,2
33,18,0,3,2
33,18,1,2,2
33,18,1,3,2
33,18,0,2,1
33,18,1,4,1
33,14,1,4,1
33,14,1,3,2
33,14,0,2,1
33,12,1,4,1
33,12,0,2,1
33,6,1,3,2
33,6,0,2,2
33,4,1,4,1
33,4,1,3,3
34,4,0,4,2
34,4,1,3,2
34,4,1,2,1
34,6,1,3,5
34,6,1,2,4
34,6,0,4,5
34,9,1,3,3
34,9,0,4,2
34,15,0,4,3
34,15,1,2,1
34,19,0,4,5
34,19,1,3,5
34,19,1,2,5
34,19,1,4,3
34,15,1,3,3
34,15,0,2,2
34,15,1,4,3
34,9,1,4,3
34,6,0,2,3
34,6,1,4,3
34,6,1,3,1
34,4,1,3,1
34,4,1,4,1
34,4,0,2,1
35,5,0,2,1
35,5,1,4,4
35,5,1,3,2
35,8,0,2,4
35,8,1,3,4
35,9,1,4,5
35,16,1,4,4
35,16,0,2,2
35,17,1,4,4
35,17,1,3,3
35,17,0,4,1
35,17,1,3,2
35,16,1,3,3
35,16,1,2,2
35,9,1,2,2
35,9,0,4,3
35,9,1,3,3
35,8,1,2,2
35,8,0,4,3
35,5,1,2,1
35,5,0,4,1
36,2,0,2,2
36,2,1,3,4
36,8,0,2,1
36,8,1,4,4
36,9,0,2,3
36,13,0,2,3
36,13,1,4,5
36,17,1,3,4
36,17,1,4,4
36,13,1,4,3
36,13,0,3,3
36,9,1,4,3
36,9,0,3,2
36,9,1,2,1
36,2,1,4,3
37,1,1,2,4
37,1,1,4,4
37,8,1,2,5
37,8,1,4,4
37,8,0,3,2
37,12,1,2,5
37,12,1,4,5
37,12,0,3,2
37,14,1,2,5
37,14,0,3,3
37,19,1,2,4
37,19,1,4,2
37,19,0,3,2
37,19,1,2,3
37,14,1,3,2
37,14,1,2,2
37,12,0,4,3
37,12,1,2,3
37,8,0,4,3
37,8,1,3,2
37,8,1,2,1
37,1,1,3,1
37,1,0,4,1
37,1,1,2,3
38,5,0,2,1
38,5,1,3,2
38,7,1,4,2
38,7,1,3,1
38,12,0,2,4
38,12,1,4,4
38,12,1,3,4
38,14,1,3,4
38,14,1,4,4
38,17,0,2,4
38,17,1,3,4
38,17,1,4,5
38,17,1,2,3
38,14,1,2,3
38,14,0,4,3
38,12,1,2,3
38,7,0,4,1
38,5,1,2,1
38,5,0,4,3
38,5,1,3,1
39,0,1,2,1
39,0,1,3,3
39,0,0,4,5
39,8,1,3,5
39,8,1,2,4
39,9,1,2,1
39,9,0,4,3
39,15,1,2,3
39,15,0,4,5
39,15,1,3,4
39,18,1,2,2
39,18,1,3,3
39,18,0,4,5
39,18,0,2,2
39,15,1,4,3
39,15,1,3,3
39,8,0,2,3
39,8,1,4,3
39,8,1,3,3
39,0,1,4,3
39,0,1,3,2
40,0,0,4,1
40,8,0,4,4
40,8,1,3,4
40,10,1,3,2
40,10,0,4,3
40,10,1,2,1
40,14,1,3,1
40,19,1,2,5
40,19,1,4,3
40,19,1,3,1
40,14,1,4,3
40,14,0,2,3
40,10,0,2,1
40,10,1,4,3
40,8,0,2,3
40,0,0,2,1
40,0,1,4,3
41,5,0,3,4
41,5,1,4,4
41,8,1,2,2
41,8,0,3,4
41,8,1,4,4
41,11,0,3,3
41,11,1,2,2
41,13,1,2,2
41,13,0,3,3
41,13,1,4,3
41,18,1,2,2
41,18,0,3,4
41,18,1,4,5
41,18,1,3,3
41,18,1,2,1
41,18,0,4,3
41,13,0,4,3
41,13,1,3,2
41,11,1,2,1
41,8,1,3,3
41,8,0,4,3
41,8,1,2,1
41,5,1,2,1
41,5,0,4,3
41,5,1,3,2
42,4,0,3,4
42,4,1,4,5
42,8,0,3,4
42,8,1,4,4
42,12,0,3,5
42,12,1,2,1
42,14,1,2,4
42,14,0,3,4
42,14,1,4,4
42,19,0,3,4
42,19,1,4,3
42,19,0,4,2
42,14,0,4,2
42,14,1,3,2
42,12,0,4,2
42,12,1,2,2
42,12,1,3,2
42,8,1,3,2
42,8,0,4,2
42,8,1,2,2
42,4,0,4,2
42,4,1,2,2
43,4,0,4,5
43,4,1,3,5
43,7,0,4,4
43,7,1,3,4
43,10,1,2,4
43,10,0,4,4
43,16,0,4,5
43,16,1,2,5
43,18,1,2,1
43,18,0,4,2
43,18,1,3,4
43,18,1,4,3
43,18,1,2,3
43,16,1,4,3
43,16,0,3,3
43,16,1,2,3
43,10,1,4,3
43,10,1,2,3
43,10,0,3,3
43,7,1,4,3
43,7,1,2,3
43,4,0,3,3
43,4,1,2,3
43,4,1,4,3
44,0,1,2,1
44,8,1,2,2
44,8,1,4,3
44,8,0,3,1
44,10,0,3,3
44,10,1,2,2
44,16,1,4,3
44,16,0,3,2
44,19,1,2,3
44,19,1,4,4
44,19,0,3,4
44,19,0,4,3
44,19,1,3,3
44,16,1,3,3
44,16,1,2,3
44,16,0,4,3
44,10,1,3,3
44,10,1,2,3
44,10,0,4,3
44,8,1,3,3
44,8,1,2,3
44,8,0,4,3
44,0,0,4,3
44,0,1,3,3
45,2,0,2,3
45,2,1,4,5
45,2,1,3,3
45,8,0,2,2
45,8,1,4,5
45,10,0,2,3
45,10,1,4,5
45,10,1,3,4
45,16,0,2,2
45,16,1,3,3
45,19,1,3,2
45,19,0,2,2
45,19,1,4,3
45,19,0,4,1
45,19,1,3,1
45,16,1,3,2
45,16,1,2,1
45,16,0,4,3
45,10,0,4,3
45,10,1,3,3
45,8,1,3,1
45,8,1,2,1
45,8,0,4,2
45,2,0,4,3
46,5,1,3,1
46,5,0,4,1
46,7,1,3,5
46,7,1,2,5
46,7,0,4,5
46,12,1,2,5
46,12,0,4,5
46,12,1,3,5
46,15,0,4,3
46,15,1,3,5
46,17,1,2,1
46,17,1,3,3
46,17,1,4,2
46,17,1,3,2
46,17,0,2,1
46,15,1,3,3
46,15,0,2,3
46,15,1,4,3
46,12,1,3,3
46,12,0,2,3
46,12,1,4,3
46,7,1,4,2
46,7,0,2,1
46,7,1,3,2
46,5,0,2,1
46,5,1,4,2
46,5,1,3,2
47,4,0,4,4
47,4,1,3,3
47,4,1,2,4
47,7,0,4,2
47,12,1,3,3
47,12,1,2,2
47,12,0,4,2
47,14,1,3,3
47,14,1,2,2
47,14,0,4,2
47,17,1,3,3
47,17,1,2,2
47,17,0,2,1
47,17,1,3,1
47,14,1,4,1
47,14,1,3,1
47,12,0,2,1
47,12,1,4,2
47,12,1,3,2
47,7,1,3,1
47,4,0,2,1
47,4,1,4,3
48,0,0,3,2
48,0,1,2,2
48,0,1,4,2
48,7,1,4,4
48,11,1,4,4
48,11,0,3,4
48,11,1,2,4
48,16,1,2,4
48,16,0,3,3
48,16,1,4,4
48,19,1,2,2
48,19,1,4,2
48,19,0,4,3
48,19,1,3,3
48,16,0,4,3
48,16,1,2,3
48,16,1,3,3
48,11,1,3,3
48,11,1,2,2
48,7,0,4,3
48,7,1,3,3
48,7,1,2,3
48,0,0,4,3
48,0,1,3,3
48,0,1,2,3
49,0,1,2,5
49,0,0,4,4
49,0,1,3,5
49,6,1,3,5
49,11,1,2,1
49,11,0,4,1
49,14,1,2,5
49,14,1,3,5
49,18,1,2,3
49,14,1,4,2
49,14,1,2,3
49,14,0,3,3
49,11,0,3,3
49,6,1,2,3
49,6,1,4,3
49,6,0,3,3
49,0,1,2,1
49,0,0,3,3
50,4,1,2,2
50,4,0,3,3
50,7,1,4,4
50,7,0,3,2
50,9,0,3,4
50,9,1,2,3
50,9,1,4,4
50,16,1,4,5
50,16,0,3,3
50,19,1,2,2
50,19,1,4,4
50,19,0,3,2
50,19,1,4,2
50,19,0,2,1
50,19,1,3,1
50,16,1,3,3
50,16,0,2,3
50,16,1,4,3
50,9,1,4,3
50,9,1,3,2
50,9,0,2,2
50,7,1,4,3
50,7,1,3,2
50,7,0,2,1
50,4,1,4,3
50,4,1,3,3
50,4,0,2,2
51,4,1,2,5
51,4,0,4,5
51,4,1,3,5
51,6,0,4,3
51,6,1,3,3
51,13,1,3,2
51,13,1,2,3
51,13,0,4,5
51,17,1,2,3
51,17,0,4,4
51,17,1,3,2
51,17,1,4,2
51,17,1,3,1
51,17,0,2,1
51,13,0,2,3
51,13,1,4,3
51,13,1,3,3
51,10,0,2,3
51,10,1,4,3
51,6,0,2,2
51,6,1,3,1
51,6,1,4,3
51,4,0,2,3
51,4,1,4,3
51,4,1,3,3
52,2,1,3,4
52,8,1,2,1
52,8,0,4,1
52,8,1,3,1
52,10,1,2,2
52,10,1,3,4
52,13,1,2,4
52,13,0,4,4
52,18,1,2,4
52,18,0,4,4
52,18,1,3,2
52,18,1,4,3
52,18,0,2,3
52,13,1,4,3
52,13,1,3,3
52,13,0,2,3
52,10,1,4,3
52,10,1,3,3
52,10,0,2,1
52,8,0,2,1
52,2,1,3,3
52,2,0,2,3
52,2,1,4,3
53,5,0,4,3
53,5,1,2,2
53,6,1,2,2
53,9,1,3,3
53,9,1,2,3
53,9,0,4,3
53,15,1,2,4
53,15,1,3,3
53,15,0,4,3
53,18,1,3,3
53,18,1,4,3
53,18,0,2,1
53,18,1,3,2
53,15,1,4,3
53,15,1,3,2
53,15,0,2,2
53,9,1,4,1
53,6,1,4,3
53,6,1,3,2
53,5,1,4,3
53,5,1,3,2
54,2,1,4,5
54,2,1,3,5
54,7,0,2,4
54,7,1,4,4
54,7,1,3,4
54,9,1,3,2
54,9,0,2,1
54,9,1,4,1
54,13,1,3,5
54,13,0,2,5
54,17,1,4,2
54,17,1,3,1
54,17,0,2,1
54,17,0,4,1
54,17,1,2,1
54,13,0,4,3
54,13,1,3,3
54,13,1,2,3
54,9,0,4,1
54,9,1,3,1
54,9,1,2,1
54,2,0,4,2
54,2,1,3,2
54,2,1,2,2
55,1,0,4,1
55,1,1,2,1
55,1,1,3,5
55,6,1,3,5
55,6,1,2,5
55,6,0,4,4
55,11,0,4,2
55,11,1,3,5
55,14,1,2,1
55,14,1,3,3
55,18,0,4,1
55,18,1,3,2
55,18,1,4,2
55,18,0,3,1
55,14,0,3,1
55,14,1,4,2
55,11,1,4,3
55,6,1,2,1
55,1,0,3,1
55,1,1,4,3
55,1,1,2,2
56,4,1,3,2
56,4,1,2,1
56,7,1,3,1
56,7,1,2,2
56,12,1,2,2
56,12,0,4,2
56,12,1,3,3
56,15,0,4,5
56,15,1,3,5
56,18,1,3,3
56,18,0,4,5
56,18,1,4,3
56,18,1,2,3
56,18,0,3,3
56,15,1,2,3
56,15,0,3,3
56,12,0,3,1
56,12,1,4,3
56,7,1,4,3
56,7,0,3,2
56,4,1,4,3
56,4,0,3,2
56,4,1,2,3
57,0,1,4,5
57,8,1,4,4
57,12,1,2,1
57,14,1,2,4
57,19,1,2,2
57,19,0,3,2
57,19,1,3,1
57,19,0,4,1
57,19,1,2,1
57,14,1,3,2
57,14,1,2,2
57,14,0,4,2
57,12,0,4,1
57,12,1,3,1
57,8,1,3,2
57,8,1,2,2
57,8,0,4,3
57,0,0,4,3
57,0,1,2,3
58,2,1,2,5
58,2,1,3,5
58,7,0,4,2
58,7,1,2,1
58,7,1,3,2
58,9,1,2,3
58,9,0,4,3
58,13,1,3,5
58,13,1,2,3
58,13,0,4,3
58,17,1,3,3
58,13,1,4,3
58,9,1,4,3
58,9,0,3,3
58,7,1,4,3
58,2,0,3,3
58,2,1,2,3
58,2,1,4,3
59,1,1,3,3
59,1,0,2,3
59,1,1,4,3
59,8,1,3,4
59,8,0,2,4
59,9,0,2,2
59,9,1,4,3
59,15,1,4,3
59,15,1,3,3
59,17,1,3,3
59,17,0,2,2
59,17,1,4,2
59,17,0,3,1
59,17,1,2,1
59,17,1,4,1
59,15,0,3,3
59,15,1,2,2
59,8,0,3,3
59,8,1,4,3
59,1,1,2,3
59,1,0,3,2
60,4,1,4,5
60,4,1,3,3
60,7,1,3,3
60,7,1,4,3
60,10,0,2,2
60,10,1,3,3
60,10,1,4,4
60,15,1,4,3
60,18,0,2,3
60,18,1,3,3
60,18,1,4,3
60,18,0,4,3
60,18,1,3,2
60,18,1,2,2
60,15,0,4,3
60,10,1,2,3
60,7,1,3,2
60,4,0,4,3
61,5,1,2,1
61,5,1,3,3
61,5,0,4,1
61,6,1,2,3
61,6,1,3,4
61,10,0,4,3
61,10,1,2,2
61,10,1,3,4
61,13,0,4,5
61,13,1,2,5
61,13,1,3,5
61,18,1,2,3
61,18,1,3,4
61,18,0,4,4
61,13,0,2,3
61,13,1,3,3
61,10,1,3,3
61,10,0,2,3
61,6,1,4,3
61,6,1,3,3
61,5,1,4,3
61,5,0,2,1
62,5,1,3,2
62,5,1,2,1
62,8,0,4,1
62,8,1,2,1
62,12,1,3,2
62,12,1,2,3
62,12,0,4,1
62,16,1,3,4
62,16,1,2,2
62,16,0,4,4
62,18,1,3,5
62,18,1,2,3
62,18,0,4,4
62,18,1,3,3
62,18,0,2,3
62,18,1,4,2
62,16,1,4,3
62,16,0,2,2
62,12,1,4,1
62,12,1,3,1
62,12,0,2,1
62,8,1,3,1
62,8,0,2,1
62,8,1,4,3
62,5,1,3,1
62,5,1,4,3
62,5,0,2,1
63,1,1,3,1
63,7,1,2,3
63,7,0,4,3
63,7,1,3,3
63,10,1,3,2
63,10,0,4,2
63,10,1,2,1
63,13,1,2,1
63,13,0,4,2
63,18,1,2,1
63,18,0,4,1
63,18,1,4,2
63,18,0,3,1
63,13,1,4,3
63,10,0,3,1
63,10,1,4,3
63,7,1,4,3
63,7,0,3,3
63,1,0,3,3
63,1,1,2,2
64,4,1,2,1
64,8,1,2,1
64,8,1,3,3
64,8,0,4,5
64,12,1,2,1
64,12,1,3,2
64,12,0,4,3
64,13,1,3,3
64,13,0,4,4
64,18,1,2,2
64,18,1,3,2
64,18,0,4,2
64,18,1,4,3
64,18,0,3,2
64,13,1,4,3
64,12,1,4,3
64,12,0,3,2
64,8,1,4,3
64,8,0,3,2
64,4,0,3,2
65,4,1,2,1
65,4,0,4,4
65,7,1,3,3
65,10,1,2,1
65,10,0,4,3
65,10,1,3,3
65,16,1,2,1
65,16,0,4,3
65,16,1,3,3
65,17,1,2,1
65,17,1,3,3
65,17,1,4,3
65,17,1,3,2
65,17,0,2,3
65,16,0,2,2
65,10,0,2,3
65,10,1,4,3
65,7,1,4,3
65,7,1,3,2
65,4,0,2,3
65,4,1,4,3
66,3,0,4,2
66,3,1,2,2
66,3,1,3,2
66,8,0,4,2
66,8,1,2,2
66,8,1,3,2
66,9,1,3,3
66,9,1,2,3
66,9,0,4,3
66,14,1,2,4
66,14,0,4,4
66,14,1,3,3
66,17,1,3,2
66,17,1,4,1
66,17,0,2,1
66,14,1,4,3
66,14,1,3,2
66,14,0,2,2
66,9,1,3,2
66,9,0,2,2
66,8,1,4,1
66,3,0,2,2
67,3,1,3,3
67,3,1,2,2
67,3,0,4,1
67,6,1,2,3
67,10,0,4,1
67,10,1,3,3
67,14,1,2,1
67,14,0,4,1
67,19,1,3,3
67,19,0,4,1
67,19,1,4,3
67,19,0,3,3
67,14,0,3,3
67,14,1,4,3
67,10,1,4,3
67,10,1,2,1
67,10,0,3,3
67,6,0,3,3
67,6,1,4,3
67,6,1,2,2
67,3,1,4,3
67,3,1,2,1
68,2,1,2,3
68,2,1,3,4
68,2,0,4,3
68,7,1,2,5
68,7,1,3,5
68,7,0,4,5
68,9,1,3,2
68,9,1,2,2
68,9,0,4,2
68,16,1,2,3
68,16,0,4,3
68,16,1,3,4
68,18,1,2,2
68,18,0,4,4
68,18,1,3,3
68,16,0,3,3
68,16,1,4,3
68,16,1,2,2
68,9,1,2,1
68,9,0,3,1
68,9,1,4,3
68,7,1,2,3
68,7,1,4,3
68,7,0,3,3
68,2,1,4,3
68,2,0,3,3
69,2,0,2,2
69,2,1,4,5
69,2,1,3,4
69,6,0,2,2
69,6,1,3,3
69,6,1,4,5
69,12,1,4,4
69,12,0,2,3
69,15,1,4,5
69,15,1,3,4
69,15,0,2,4
69,18,1,4,5
69,18,0,2,4
69,18,0,4,3
69,18,1,3,2
69,18,1,2,2
69,15,0,4,3
69,15,1,2,3
69,12,1,2,1
69,6,0,4,2
69,6,1,3,1
69,6,1,2,1
69,2,1,2,1
69,2,1,3,2
70,4,1,2,1
70,4,1,4,4
70,8,1,2,1
70,8,1,4,3
70,8,0,3,3
70,9,1,4,5
70,9,0,3,4
70,9,1,2,4
70,16,0,3,2
70,16,1,4,3
70,16,1,2,2
70,17,0,3,2
70,17,1,4,4
70,17,0,4,2
70,17,1,3,2
70,17,1,2,2
70,16,1,3,2
70,16,0,4,2
70,16,1,2,1
70,9,1,2,3
70,9,1,3,3
70,9,0,4,3
70,8,0,4,1
70,8,1,3,1
70,4,0,4,2
70,4,1,3,2
71,3,0,3,3
71,3,1,2,3
71,3,1,4,4
71,7,1,4,3
71,7,0,3,4
71,9,1,4,4
71,9,0,3,5
71,9,1,2,3
71,16,1,4,3
71,16,0,3,2
71,16,1,2,3
71,17,0,3,4
71,17,1,2,3
71,17,1,4,4
71,17,1,3,2
71,17,0,2,1
71,17,1,4,3
71,16,0,2,2
71,16,1,3,2
71,9,0,2,3
71,9,1,4,3
71,7,1,3,2
71,7,0,2,3
71,3,0,2,2
71,3,1,4,3
71,3,1,3,2
72,1,1,2,2
72,1,1,3,4
72,1,0,4,2
72,8,1,2,2
72,8,1,3,2
72,8,0,4,2
72,10,1,3,2
72,10,0,4,2
72,16,1,3,3
72,16,0,4,2
72,17,1,3,3
72,17,0,4,1
72,17,1,2,2
72,17,1,3,2
72,17,0,2,1
72,17,1,4,3
72,16,0,2,3
72,16,1,3,2
72,10,1,3,3
72,10,0,2,1
72,10,1,4,3
72,8,0,2,1
72,8,1,4,3
72,1,0,2,1
72,1,1,3,3
73,1,1,3,4
73,1,1,2,3
73,1,0,4,5
73,6,1,2,3
73,6,0,4,4
73,12,0,4,5
73,12,1,3,2
73,15,1,3,5
73,15,1,2,2
73,15,0,4,3
73,19,1,3,2
73,19,1,2,4
73,19,0,4,2
73,19,1,4,1
73,19,0,2,3
73,15,1,3,3
73,15,0,2,2
73,12,0,2,3
73,12,1,4,3
73,6,1,3,2
73,6,0,2,3
73,6,1,4,3
73,1,1,4,1
73,1,1,3,2
73,1,0,2,1
74,0,0,4,2
74,8,1,2,2
74,8,1,3,2
74,11,0,4,2
74,11,1,2,2
74,15,0,4,5
74,15,1,3,5
74,15,1,2,4
74,18,1,2,1
74,18,0,4,2
74,18,0,3,1
74,18,1,4,1
74,15,0,3,3
74,11,0,3,1
74,11,1,4,2
74,0,1,2,1
74,0,1,4,2
74,0,0,3,1
75,2,1,3,5
75,2,1,2,1
75,8,1,2,2
75,8,1,3,4
75,8,0,4,2
75,10,1,2,1
75,10,0,4,3
75,10,1,3,4
75,14,1,2,2
75,14,1,3,4
75,14,0,4,2
75,18,1,3,4
75,18,1,2,2
75,18,0,4,4
75,18,1,3,3
75,18,0,2,3
75,14,1,4,2
75,14,1,3,3
75,14,0,2,1
75,10,1,3,3
75,10,0,2,1
75,10,1,4,3
75,8,1,3,3
75,8,1,4,3
75,8,0,2,3
75,2,0,2,2
75,2,1,3,3
76,5,1,2,2
76,5,1,3,5
76,6,1,2,2
76,6,1,3,5
76,6,0,4,1
76,11,1,3,1
76,11,1,2,2
76,11,0,4,2
76,13,1,3,5
76,13,1,2,3
76,17,0,4,3
76,17,1,3,5
76,17,1,4,3
76,17,1,3,2
76,17,0,2,1
76,13,0,2,3
76,13,1,4,3
76,11,1,3,3
76,11,1,4,3
76,6,1,4,3
76,6,1,3,2
76,6,0,2,1
76,5,1,4,3
77,0,0,2,3
77,0,1,3,3
77,8,1,4,3
77,8,1,3,2
77,12,0,2,3
77,12,1,4,4
77,15,0,2,3
77,15,1,3,3
77,15,1,4,3
77,17,0,2,3
77,17,1,4,3
77,17,0,4,3
77,15,0,4,3
77,15,1,2,2
77,12,0,4,3
77,12,1,2,2
77,8,0,4,2
77,8,1,3,3
77,8,1,2,1
77,0,0,4,3
77,0,1,2,1
78,5,1,2,1
78,5,1,4,5
78,5,0,3,2
78,7,1,2,1
78,7,1,4,5
78,7,0,3,2
78,10,1,2,2
78,10,0,3,2
78,14,0,3,2
78,14,1,4,5
78,14,1,2,1
78,18,0,3,4
78,18,1,4,5
78,18,1,2,3
78,18,1,3,3
78,14,0,4,3
78,10,1,2,1
78,10,0,4,3
78,7,0,4,3
78,7,1,3,2
78,5,0,4,3
78,5,1,3,2
79,1,1,2,4
79,1,1,3,5
79,1,0,4,4
79,6,1,2,4
79,6,1,3,5
79,15,1,2,2
79,15,1,3,4
79,15,0,4,2
79,19,1,3,4
79,19,1,2,1
79,19,0,4,1
79,19,1,4,3
79,19,0,3,1
79,15,1,4,3
79,15,0,3,2
79,11,0,3,1
79,11,1,4,3
79,6,0,3,3
79,6,1,4,3
79,1,0,3,3
79,1,1,4,3
80,7,0,4,2
80,7,1,2,2
80,11,1,3,3
80,11,1,2,3
80,16,0,4,3
80,16,1,3,3
80,18,1,2,3
80,18,0,4,2
80,18,1,3,3
80,18,0,3,2
80,16,0,3,2
80,16,1,4,2
80,16,1,2,2
80,11,0,3,2
80,7,0,3,2
80,7,1,4,2
80,2,1,4,2
80,2,1,2,2
80,2,0,3,2
81,0,1,2,2
81,0,1,3,3
81,0,0,4,2
81,6,0,4,2
81,6,1,3,3
81,6,1,2,2
81,9,1,3,3
81,9,1,2,4
81,9,0,4,4
81,15,1,2,3
81,15,0,4,3
81,17,1,3,3
81,17,0,4,3
81,17,0,2,1
81,15,0,2,2
81,9,0,2,3
81,9,1,4,3
81,6,1,4,3
81,6,0,2,1
81,0,1,4,3
81,0,1,3,2
81,0,0,2,1
82,4,0,2,5
82,4,1,3,4
82,4,1,4,5
82,7,1,3,5
82,7,0,2,5
82,7,1,4,5
82,12,0,2,4
82,12,1,3,3
82,16,0,2,5
82,16,1,3,4
82,16,1,4,5
82,19,0,2,2
82,19,1,3,2
82,19,1,4,2
82,19,1,3,1
82,19,1,2,1
82,16,0,4,3
82,16,1,2,3
82,16,1,3,3
82,12,1,2,1
82,7,0,4,3
82,7,1,3,3
82,4,0,4,3
82,4,1,3,2
82,4,1,2,2
83,4,1,2,1
83,4,0,3,5
83,4,1,4,5
83,8,1,2,1
83,8,1,4,5
83,8,0,3,1
83,12,1,4,5
83,12,0,3,5
83,15,1,2,1
83,15,0,3,5
83,15,1,4,5
83,17,1,2,1
83,17,0,3,5
83,17,1,4,3
83,17,1,3,2
83,17,0,2,3
83,15,1,4,3
83,15,1,3,2
83,15,0,2,3
83,12,0,2,3
83,12,1,4,3
83,8,1,4,3
83,8,1,3,2
83,8,0,2,3
83,4,1,4,3
83,4,0,2,3
83,4,1,3,3
84,0,1,3,3
84,0,0,4,4
84,0,1,2,4
84,7,1,2,3
84,7,0,4,3
84,7,1,3,3
84,13,1,2,2
84,17,1,2,2
84,17,1,3,2
84,17,0,4,3
84,17,0,2,1
84,17,1,3,1
84,13,0,2,1
84,13,1,3,2
84,10,1,3,1
84,10,0,2,1
84,10,1,4,2
84,7,1,4,1
84,7,1,3,2
84,7,0,2,1
84,0,0,2,2
84,0,1,4,3
85,0,1,2,3
85,0,0,4,5
85,0,1,3,4
85,6,1,2,3
85,6,0,4,3
85,6,1,3,3
85,12,1,2,4
85,12,1,3,4
85,12,0,4,5
85,15,1,2,2
85,15,1,3,3
85,15,0,4,5
85,19,1,2,3
85,19,1,3,3
85,19,0,4,4
85,19,1,2,1
85,19,1,4,2
85,19,0,3,2
85,15,0,3,2
85,15,1,4,3
85,12,0,3,3
85,6,0,3,1
85,6,1,4,2
85,6,1,2,1
85,0,1,2,1
85,0,1,4,3
86,1,1,2,4
86,1,1,3,5
86,1,0,4,4
86,6,1,3,3
86,6,0,4,4
86,10,1,2,2
86,10,0,4,4
86,14,1,2,1
86,14,1,3,3
86,17,1,2,2
86,17,1,3,3
86,17,0,4,4
86,17,1,4,3
86,17,0,2,1
86,14,1,3,1
86,14,0,2,1
86,10,0,2,1
86,6,1,4,3
86,6,1,3,2
86,1,1,3,3
86,1,0,2,3
87,1,1,3,2
87,1,0,4,5
87,8,1,2,4
87,8,1,3,3
87,8,0,4,5
87,10,1,2,3
87,10,0,4,5
87,16,1,2,1
87,16,1,3,2
87,18,1,2,3
87,18,1,3,3
87,18,0,4,4
87,18,1,4,3
87,18,0,2,1
87,16,1,4,3
87,16,0,2,1
87,10,1,4,3
87,10,0,2,2
87,8,1,4,3
87,8,0,2,3
87,1,1,4,3
87,1,1,3,3
87,1,0,2,1
88,5,1,2,2
88,5,0,4,4
88,7,1,2,5
88,7,0,4,5
88,10,1,2,1
88,10,0,4,3
88,10,1,3,5
88,15,0,4,2
88,15,1,2,2
88,15,1,3,4
88,18,1,2,5
88,18,1,3,5
88,18,0,4,5
88,18,1,3,3
88,18,0,2,3
88,18,1,4,3
88,15,1,4,2
88,15,0,2,1
88,15,1,3,1
88,10,1,3,2
88,10,0,2,1
88,7,0,2,2
88,7,1,3,3
88,7,1,4,3
88,5,1,4,3
88,5,1,3,3
88,5,0,2,1
89,2,0,2,3
89,2,1,4,5
89,2,1,3,2
89,6,1,3,3
89,6,0,2,2
89,11,1,3,2
89,11,0,2,2
89,11,1,4,3
89,14,0,2,1
89,14,1,4,3
89,19,0,2,3
89,19,1,4,3
89,19,1,3,2
89,19,0,4,2
89,14,0,4,1
89,14,1,3,1
89,14,1,2,1
89,11,1,3,1
89,11,0,4,1
89,11,1,2,1
89,6,1,3,1
89,6,0,4,2
89,6,1,2,1
89,2,0,4,3
89,2,1,2,3
90,5,1,2,2
90,5,0,4,2
90,5,1,3,3
90,8,1,2,2
90,8,1,3,3
90,10,1,2,3
90,10,0,4,3
90,10,1,3,3
90,15,0,4,5
90,15,1,3,5
90,18,0,4,2
90,18,1,3,2
90,18,1,2,3
90,18,1,4,2
90,18,0,3,2
90,18,1,2,1
90,15,0,3,2
90,15,1,4,2
90,15,1,2,3
90,10,0,3,2
90,10,1,4,2
90,10,1,2,2
90,8,1,4,2
90,5,0,3,2
90,5,1,4,2
91,4,1,3,2
91,4,0,4,1
91,8,1,2,1
91,8,1,3,2
91,8,0,4,1
91,12,1,2,4
91,12,1,3,5
91,12,0,4,4
91,16,1,2,4
91,16,0,4,4
91,16,1,3,5
91,19,1,2,4
91,19,0,4,4
91,19,1,3,5
91,19,1,4,3
91,19,1,3,3
91,19,0,2,3
91,16,1,3,3
91,16,0,2,3
91,16,1,4,3
91,12,1,3,3
91,12,0,2,3
91,8,0,2,2
91,8,1,3,3
91,8,1,4,3
91,4,1,3,3
91,4,1,4,3
92,0,1,2,1
92,0,0,4,1
92,0,1,3,3
92,6,1,2,1
92,6,0,4,1
92,13,1,2,5
92,13,0,4,5
92,13,1,3,5
92,18,1,2,2
92,18,0,4,1
92,18,1,3,3
92,18,0,2,1
92,18,1,4,3
92,13,1,4,3
92,12,1,3,3
92,12,1,4,3
92,6,1,3,3
92,6,0,2,1
92,0,1,4,3
93,3,1,3,5
93,3,0,4,5
93,8,1,3,3
93,8,0,4,2
93,9,1,2,1
93,9,0,4,3
93,15,1,2,2
93,15,0,4,4
93,17,1,2,2
93,17,1,3,1
93,17,1,4,2
93,17,0,2,1
93,15,1,4,3
93,15,1,3,3
93,15,0,2,3
93,9,0,2,1
93,9,1,4,3
93,8,1,4,2
93,8,0,2,1
93,8,1,3,1
93,3,1,4,3
93,3,0,2,3
93,3,1,3,3
94,4,0,3,5
94,4,1,2,1
94,4,1,4,5
94,6,1,2,2
94,6,0,3,5
94,12,1,4,5
94,12,0,3,4
94,13,1,2,1
94,13,1,4,4
94,19,0,3,1
94,19,1,2,4
94,19,1,4,3
94,19,0,4,1
94,19,1,3,1
94,13,0,4,3
94,13,1,3,3
94,13,1,2,2
94,12,1,3,2
94,12,0,4,1
94,6,1,2,3
94,6,1,3,3
94,4,1,3,3
94,4,0,4,3
95,2,1,2,2
95,2,0,4,2
95,2,1,3,4
95,7,1,3,3
95,7,0,4,2
95,9,0,4,1
95,9,1,2,1
95,9,1,3,2
95,15,1,2,1
95,15,1,3,4
95,17,0,4,1
95,17,1,4,3
95,17,0,3,1
95,15,0,3,2
95,9,1,4,3
95,9,0,3,1
95,7,1,4,3
95,7,1,2,1
95,2,1,4,3
95,2,1,2,1
96,2,0,4,5
96,2,1,3,3
96,8,0,4,5
96,8,1,3,3
96,8,1,2,3
96,9,1,3,3
96,9,0,4,5
96,9,1,2,3
96,13,1,3,3
96,13,1,2,3
96,19,1,3,3
96,19,1,2,3
96,19,1,2,1
96,19,1,4,3
96,13,1,2,1
96,13,0,3,1
96,9,1,4,3
96,9,1,2,1
96,9,0,3,3
96,8,1,4,3
96,2,1,4,3
96,2,1,2,1
97,1,0,3,2
97,1,1,2,5
97,8,0,3,4
97,8,1,2,2
97,8,1,4,5
97,10,1,2,3
97,10,0,3,4
97,10,1,4,5
97,14,1,2,1
97,14,0,3,2
97,18,1,2,3
97,18,0,3,3
97,18,1,4,5
97,18,1,3,1
97,18,0,4,2
97,14,1,3,1
97,14,0,4,1
97,8,1,3,1
97,8,0,4,2
97,8,1,2,1
97,1,0,4,3
97,1,1,3,1
98,2,1,4,5
98,2,0,2,5
98,2,1,3,4
98,7,0,2,2
98,10,1,3,3
98,10,1,4,3
98,10,0,2,2
98,16,0,2,3
98,16,1,4,3
98,17,1,4,4
98,17,1,3,3
98,17,1,3,2
98,17,0,4,3
98,17,1,2,1
98,16,1,2,3
98,10,1,2,1
98,7,0,4,3
98,7,1,3,2
98,7,1,2,1
98,2,1,3,3
98,2,0,4,3
99,1,0,2,4
99,1,1,3,5
99,6,0,2,2
99,6,1,4,5
99,6,1,3,4
99,12,0,2,2
99,12,1,4,4
99,16,0,2,3
99,16,1,4,5
99,16,1,3,5
99,17,0,2,2
99,17,1,4,5
99,17,1,3,3
99,17,0,4,3
99,17,1,2,1
99,16,1,2,1
99,16,1,3,3
99,12,1,3,3
99,12,1,2,1
99,12,0,4,2
99,6,0,4,3
99,6,1,3,3
99,6,1,2,1
99,1,1,3,3
99,1,0,4,3
99,1,1,2,3
100,3,0,2,5
100,3,1,3,5
100,3,1,4,5
100,6,0,2,3
100,6,1,3,2
100,12,0,2,3
100,12,1,4,5
100,16,1,4,5
100,16,0,2,5
100,16,1,3,5
100,19,1,3,2
100,19,0,2,2
100,19,1,4,2
100,19,1,2,2
100,19,0,4,3
100,19,1,3,1
100,16,1,2,3
100,16,0,4,3
100,16,1,3,3
100,12,0,4,3
100,12,1,3,1
100,6,0,4,2
100,6,1,3,3
100,3,0,4,3
100,3,1,2,2
100,3,1,3,3
101,0,0,3,2
101,7,1,2,2
101,7,0,3,4
101,7,1,4,5
101,9,1,2,2
101,9,1,4,5
101,14,0,3,3
101,14,1,2,5
101,14,1,4,5
101,19,0,3,2
101,19,1,4,5
101,19,0,4,3
101,19,1,3,3
101,19,1,2,1
101,14,0,4,3
101,14,1,3,3
101,14,1,2,1
101,9,1,3,3
101,9,1,2,1
101,9,0,4,3
101,7,0,4,3
101,0,1,2,1
101,0,1,3,3
101,0,0,4,3
102,0,1,2,3
102,0,0,3,3
102,0,1,4,3
102,8,1,2,2
102,8,0,3,4
102,8,1,4,3
102,11,1,2,3
102,11,1,4,3
102,14,1,2,3
102,14,1,4,3
102,14,0,3,3
102,19,1,2,2
102,19,0,3,3
102,19,1,3,2
102,19,0,4,2
102,14,0,4,2
102,14,1,2,2
102,14,1,3,2
102,11,0,4,2
102,11,1,2,2
102,8,1,3,2
102,0,0,4,2
102,0,1,3,2
103,1,1,3,3
103,1,1,2,2
103,6,1,3,5
103,6,1,2,4
103,6,0,4,4
103,10,1,2,1
103,10,1,3,3
103,10,0,4,4
103,13,1,2,2
103,13,1,3,3
103,13,0,4,3
103,18,1,3,4
103,18,1,2,4
103,18,0,3,3
103,18,1,2,3
103,18,1,4,3
103,13,0,3,2
103,13,1,4,3
103,13,1,2,1
103,10,1,4,3
103,6,0,3,3
103,6,1,2,3
103,6,1,4,3
103,1,0,3,3
103,1,1,2,1
104,1,1,2,5
104,1,0,4,5
104,1,1,3,5
104,8,1,3,2
104,8,0,4,4
104,8,1,2,1
104,9,1,2,4
104,9,0,4,5
104,9,1,3,5
104,13,1,2,2
104,13,1,3,3
104,17,0,4,3
104,17,1,4,1
104,13,0,3,2
104,13,1,4,3
104,9,1,4,3
104,9,1,2,3
104,9,0,3,3
104,8,0,3,1
104,8,1,4,2
104,1,1,4,3
104,1,1,2,3
105,5,0,2,2
105,5,1,4,4
105,5,1,3,2
105,6,0,2,2
105,6,1,4,5
105,6,1,3,4
105,11,0,2,3
105,11,1,4,4
105,13,1,4,4
105,13,1,3,3
105,17,0,2,2
105,17,1,4,4
105,17,1,3,3
105,17,0,4,3
105,17,1,2,3
105,13,1,2,3
105,6,1,2,3
105,6,0,4,3
105,5,1,3,3
105,5,1,2,3
105,5,0,4,3
106,2,1,3,4
106,2,0,4,1
106,8,1,3,4
106,12,1,2,1
106,12,1,3,1
106,15,1,3,4
106,15,1,2,1
106,19,1,3,4
106,19,1,2,3
106,19,1,4,3
106,19,0,3,3
106,15,1,4,3
106,15,0,3,1
106,12,0,3,1
106,8,1,4,3
106,8,0,3,1
106,2,1,4,3
106,2,0,3,1
106,2,1,2,3
107,0,0,4,5
107,0,1,3,5
107,0,1,2,5
107,8,1,2,2
107,8,0,4,2
107,8,1,3,3
107,9,0,4,3
107,9,1,3,3
107,9,1,2,3
107,14,0,4,2
107,14,1,3,4
107,14,1,2,3
107,19,1,2,1
107,19,1,3,2
107,19,0,4,1
107,19,1,4,1
107,19,1,3,1
107,19,0,2,1
107,14,1,4,3
107,14,1,3,2
107,14,0,2,3
107,9,1,4,3
107,9,1,3,2
107,9,0,2,2
107,8,1,3,1
107,8,1,4,3
107,8,0,2,2
107,0,1,4,3
107,0,1,3,3
108,3,1,2,4
108,3,1,3,4
108,7,0,4,5
108,11,1,3,2
108,11,0,4,2
108,11,1,2,1
108,16,1,3,2
108,16,0,4,1
108,16,1,2,1
108,18,1,3,3
108,18,1,2,2
108,18,0,4,2
108,18,1,2,1
108,16,1,4,2
108,16,0,3,1
108,11,1,4,3
108,11,0,3,1
108,7,0,3,3
108,7,1,4,3
108,7,1,2,2
108,3,1,4,3
108,3,0,3,3
109,0,1,4,5
109,0,0,2,3
109,0,1,3,3
109,6,0,2,3
109,6,1,3,1
109,6,1,4,2
109,10,1,3,2
109,16,0,2,4
109,16,1,3,5
109,17,1,3,2
109,17,0,4,1
109,17,1,2,1
109,16,1,2,2
109,16,0,4,2
109,16,1,3,3
109,10,1,3,1
109,10,0,4,1
109,10,1,2,1
109,6,0,4,1
109,0,0,4,3
109,0,1,2,1
110,1,0,3,1
110,1,1,2,1
110,1,1,4,4
110,8,1,2,5
110,8,0,3,4
110,10,1,2,2
110,10,0,3,2
110,10,1,4,4
110,16,1,4,2
110,16,1,2,5
110,18,0,3,4
110,18,1,4,5
110,18,1,3,3
110,18,0,4,3
110,16,0,4,1
110,16,1,3,1
110,10,0,4,3
110,10,1,2,1
110,8,0,4,1
110,8,1,3,2
110,1,0,4,3
110,1,1,3,2
111,4,0,3,1
111,4,1,2,1
111,4,1,4,5
111,6,1,2,1
111,6,0,3,2
111,6,1,4,2
111,10,1,2,1
111,10,1,4,5
111,10,0,3,3
111,15,1,4,4
111,15,0,3,4
111,17,0,3,1
111,17,1,2,1
111,17,0,4,3
111,17,1,3,1
111,15,0,4,2
111,10,1,3,1
111,6,1,2,2
111,4,0,4,1
111,4,1,3,1
112,1,1,3,4
112,1,1,2,1
112,7,1,2,2
112,7,0,4,3
112,7,1,3,2
112,12,1,3,2
112,12,1,2,2
112,15,1,3,4
112,15,0,4,5
112,18,1,3,4
112,18,1,2,4
112,18,0,4,5
112,18,1,4,3
112,18,1,3,3
112,18,0,2,3
112,15,0,2,1
112,15,1,3,1
112,12,1,3,1
112,12,1,4,3
112,12,0,2,1
112,7,1,3,1
112,7,0,2,3
112,1,1,4,3
112,1,1,3,3
113,2,1,2,1
113,2,1,3,4
113,2,0,4,2
113,8,1,2,2
113,8,1,3,3
113,8,0,4,2
113,12,1,2,2
113,12,0,4,3
113,13,1,2,3
113,13,0,4,1
113,13,1,3,4
113,17,1,3,2
113,17,0,4,2
113,17,1,4,3
113,17,0,3,2
113,13,0,3,3
113,12,1,2,1
113,12,1,4,3
113,8,0,3,1
113,8,1,4,3
113,2,0,3,3
113,2,1,4,3
114,4,0,3,1
114,4,1,2,1
114,4,1,4,5
114,7,1,4,2
114,7,1,2,4
114,7,0,3,4
114,9,0,3,3
114,9,1,2,2
114,16,0,3,4
114,18,0,3,3
114,18,1,4,2
114,18,0,4,1
114,18,1,2,2
114,18,1,3,1
114,16,1,3,3
114,16,0,4,3
114,9,0,4,3
114,9,1,2,1
114,9,1,3,2
114,7,1,3,1
114,7,1,2,1
114,7,0,4,1
114,4,1,3,1
114,4,0,4,3
115,4,1,2,5
115,4,0,3,3
115,4,1,4,5
115,6,1,2,4
115,6,0,3,3
115,10,1,4,5
115,10,1,2,2
115,13,1,4,2
115,13,1,2,2
115,17,1,2,3
115,17,1,4,2
115,17,1,3,2
115,17,0,2,2
115,13,1,3,1
115,13,1,4,1
115,13,0,2,1
115,10,1,3,3
115,10,0,2,2
115,10,1,4,2
115,6,1,3,3
115,6,1,4,3
115,4,1,3,2
115,4,0,2,3
115,4,1,4,3
116,0,1,4,5
116,0,1,2,2
116,6,1,4,5
116,6,0,3,5
116,6,1,2,3
116,11,1,2,2
116,11,1,4,5
116,11,0,3,5
116,15,1,2,4
116,15,0,3,5
116,15,1,4,5
116,19,1,2,3
116,19,1,4,5
116,19,0,4,3
116,15,1,3,3
116,15,1,2,2
116,11,0,4,3
116,11,1,3,3
116,6,0,4,3
116,6,1,2,2
116,0,1,3,3
117,3,1,3,3
117,3,1,4,4
117,7,1,3,3
117,7,1,4,4
117,12,1,3,4
117,12,1,4,4
117,16,1,3,3
117,16,1,4,5
117,18,1,4,4
117,18,0,4,2
117,18,1,2,2
117,18,1,3,2
117,16,1,3,2
117,16,1,2,1
117,12,1,2,2
117,12,1,3,2
117,7,1,3,2
117,3,1,2,1
118,2,0,2,3
118,2,1,4,4
118,2,1,3,4
118,6,1,4,4
118,6,0,2,3
118,6,1,3,4
118,12,1,4,4
118,12,1,3,4
118,12,0,2,2
118,15,1,3,4
118,15,1,4,4
118,17,1,3,4
118,17,1,4,4
118,17,1,2,1
118,17,1,3,2
118,15,1,2,1
118,15,0,4,3
118,15,1,3,2
118,12,0,4,3
118,12,1,2,1
118,12,1,3,2
118,6,0,4,3
118,6,1,2,2
118,6,1,3,2
118,2,0,4,3
119,5,1,2,2
119,5,0,3,2
119,5,1,4,3
119,7,0,3,2
119,7,1,2,2
119,11,1,2,2
119,11,0,3,3
119,11,1,4,3
119,14,1,2,2
119,14,0,3,4
119,18,1,2,2
119,18,1,4,4
119,18,0,3,4
119,18,1,3,2
119,18,1,4,2
119,18,0,2,3
119,14,0,2,2
119,11,1,3,2
119,11,0,2,3
119,7,0,2,1
119,7,1,3,1
119,5,1,4,2
119,5,0,2,1
119,5,1,3,1
120,0,1,2,5
120,0,0,3,4
120,6,1,2,1
120,6,0,3,2
120,6,1,4,4
120,9,1,2,3
120,9,0,3,2
120,9,1,4,5
120,13,0,3,1
120,17,0,3,1
120,17,1,2,1
120,17,0,4,1
120,17,1,3,1
120,13,0,4,2
120,13,1,3,2
120,9,1,3,2
120,9,1,2,2
120,9,0,4,2
120,6,0,4,1
120,6,1,3,1
120,0,0,4,3
120,0,1,3,3
121,5,0,2,3
121,5,1,3,2
121,5,1,4,5
121,7,0,2,3
121,7,1,4,5
121,7,1,3,2
121,9,1,3,3
121,9,0,2,1
121,9,1,4,5
121,16,0,2,1
121,16,1,3,2
121,19,1,3,2
121,19,1,4,5
121,19,0,4,3
121,19,1,2,2
121,16,1,2,1
121,16,0,4,1
121,9,0,4,1
121,7,0,4,2
121,7,1,3,3
121,5,0,4,1
122,3,0,2,3
122,3,1,4,3
122,3,1,3,3
122,8,0,2,3
122,8,1,4,4
122,10,0,2,3
122,10,1,3,3
122,13,0,2,4
122,13,1,3,3
122,18,0,2,3
122,18,1,3,3
122,18,1,4,3
122,18,0,3,3
122,18,1,4,2
122,18,1,2,2
122,13,0,3,2
122,10,0,3,2
122,10,1,4,2
122,8,0,3,2
122,3,0,3,2
122,3,1,4,2
122,3,1,2,2
123,3,0,3,3
123,3,1,2,2
123,3,1,4,2
123,6,0,3,4
123,6,1,2,3
123,9,0,3,3
123,9,1,2,3
123,9,1,4,3
123,16,0,3,3
123,16,1,2,3
123,18,0,3,3
123,18,1,4,3
123,18,1,3,3
123,18,0,2,3
123,16,1,4,1
123,16,1,3,3
123,16,0,2,1
123,9,1,3,3
123,9,0,2,1
123,9,1,4,2
123,6,0,2,3
123,3,1,4,1
123,3,0,2,1
123,3,1,3,3
124,2,1,3,4
124,2,1,4,4
124,6,1,4,4
124,6,0,2,4
124,11,0,2,3
124,11,1,4,3
124,13,1,3,3
124,19,1,3,2
124,19,0,2,3
124,19,1,4,3
124,19,1,3,1
124,19,1,2,1
124,13,1,3,2
124,13,0,4,3
124,13,1,2,2
124,11,1,3,1
124,6,0,4,3
124,6,1,2,3
124,6,1,3,3
124,2,0,4,3
124,2,1,3,3
124,2,1,2,3
125,2,1,4,4
125,2,1,3,2
125,6,1,4,5
125,6,0,2,4
125,6,1,3,4
125,9,1,3,4
125,9,0,2,4
125,9,1,4,4
125,16,0,2,2
125,16,1,4,5
125,16,1,3,3
125,17,1,4,2
125,17,0,2,2
125,17,1,3,2
125,17,0,4,1
125,17,1,3,1
125,17,1,2,1
125,16,0,4,3
125,16,1,2,1
125,9,0,4,3
125,9,1,2,1
125,6,1,3,3
125,6,1,2,3
125,6,0,4,3
125,2,1,2,1
125,2,0,4,3
126,5,0,3,1
126,5,1,2,2
126,5,1,4,4
126,6,0,3,4
126,6,1,4,5
126,9,1,2,1
126,9,1,4,5
126,9,0,3,2
126,14,0,3,2
126,14,1,4,2
126,19,0,3,3
126,19,1,4,2
126,19,1,3,1
126,19,1,2,1
126,14,1,2,2
126,14,0,4,2
126,9,0,4,3
126,9,1,3,1
126,6,1,3,3
126,6,0,4,1
126,6,1,2,3
126,5,1,3,1
126,5,1,2,1
126,5,0,4,3
127,5,1,3,4
127,5,1,2,4
127,8,1,2,2
127,8,1,3,3
127,9,1,3,4
127,9,0,4,4
127,9,1,2,4
127,16,1,2,1
127,16,1,3,2
127,16,0,4,1
127,17,1,3,3
127,17,1,2,1
127,17,1,4,3
127,17,1,3,2
127,16,1,3,3
127,16,0,2,3
127,16,1,4,3
127,9,1,4,3
127,8,1,4,3
127,5,1,3,3
128,4,1,3,4
128,4,1,2,1
128,7,0,4,3
128,9,1,2,3
128,9,1,3,4
128,9,0,4,3
128,14,1,2,1
128,14,1,3,3
128,14,0,4,4
128,17,1,2,2
128,17,1,3,4
128,17,0,4,3
128,17,1,2,1
128,17,1,4,3
128,14,1,4,3
128,14,0,3,2
128,9,0,3,1
128,9,1,4,3
128,7,0,3,1
128,7,1,4,3
128,4,1,4,3
129,3,1,2,1
129,3,0,4,2
129,3,1,3,5
129,6,1,3,5
129,6,1,2,1
129,6,0,4,2
129,9,1,2,1
129,9,1,3,1
129,9,0,4,2
129,16,1,3,5
129,18,1,2,1
129,18,1,4,3
129,18,1,2,3
129,16,0,3,3
129,16,1,2,3
129,16,1,4,3
129,9,1,2,3
129,9,1,4,3
129,9,0,3,3
129,6,1,4,3
129,6,0,3,3
129,3,0,3,3
129,3,1,4,3
129,3,1,2,3
130,4,0,2,1
130,4,1,3,3
130,8,1,3,5
130,8,1,4,5
130,10,0,2,2
130,10,1,3,4
130,10,1,4,5
130,14,0,2,2
130,19,0,2,4
130,19,1,4,3
130,19,1,3,3
130,19,1,3,1
130,19,0,4,1
130,19,1,2,3
130,14,0,4,3
130,14,1,2,2
130,14,1,3,1
130,10,0,4,3
130,10,1,2,1
130,8,1,3,3
130,8,0,4,3
130,8,1,2,3
130,4,1,3,2
130,4,0,4,3
130,4,1,2,1
131,3,1,2,5
131,3,0,4,5
131,7,1,2,1
131,7,1,3,5
131,7,0,4,5
131,12,1,2,3
131,12,1,3,5
131,12,0,4,5
131,15,1,2,5
131,15,1,3,5
131,15,0,4,5
131,19,1,2,1
131,19,1,3,5
131,19,1,3,3
131,19,1,4,3
131,15,1,4,3
131,12,1,4,3
131,12,0,2,3
131,7,1,4,3
131,7,0,2,1
131,7,1,3,3
131,3,1,4,3
131,3,1,3,3
131,3,0,2,3
132,2,0,3,4
132,2,1,2,2
132,2,1,4,5
132,6,0,3,4
132,6,1,4,5
132,9,1,2,5
132,14,1,2,1
132,14,1,4,5
132,14,0,3,4
132,18,1,2,5
132,18,1,4,5
132,18,1,4,3
132,14,1,3,2
132,14,1,4,3
132,14,0,2,1
132,9,1,4,3
132,9,1,3,1
132,6,1,4,3
132,6,1,3,1
132,2,1,4,3
132,2,1,3,3
132,2,0,2,1
133,3,1,2,4
133,3,0,3,4
133,3,1,4,5
133,6,1,2,1
133,6,0,3,2
133,6,1,4,2
133,9,1,2,4
133,14,1,2,2
133,14,1,4,4
133,14,0,3,2
133,17,1,4,5
133,17,1,3,1
133,17,0,2,1
133,14,1,3,2
133,14,1,4,2
133,9,1,3,3
133,9,1,4,1
133,6,0,2,1
133,6,1,3,1
133,3,1,4,3
133,3,0,2,3
133,3,1,3,3
134,4,1,4,5
134,4,0,3,1
134,7,1,4,5
134,7,0,3,3
134,11,1,2,2
134,11,1,4,5
134,13,0,3,4
134,13,1,2,2
134,17,1,4,5
134,17,0,3,3
134,17,1,2,2
134,17,0,4,3
134,17,1,3,3
134,17,1,2,1
134,13,0,4,3
134,13,1,2,3
134,11,0,4,3
134,11,1,3,3
134,11,1,2,1
134,7,0,4,3
134,7,1,3,3
134,7,1,2,1
135,1,1,3,5
135,1,1,2,4
135,1,0,4,4
135,8,0,4,4
135,8,1,2,2
135,8,1,3,3
135,12,0,4,2
135,12,1,3,3
135,14,1,3,3
135,14,1,2,2
135,14,0,4,1
135,19,1,2,4
135,19,1,3,3
135,19,1,3,1
135,19,0,2,1
135,14,1,4,3
135,14,0,2,1
135,12,1,4,1
135,12,0,2,1
135,12,1,3,1
135,8,1,4,3
135,1,0,2,1
135,1,1,4,3
135,1,1,3,2
136,0,0,2,1
136,0,1,4,5
136,0,1,3,2
136,8,0,2,1
136,8,1,4,4
136,9,1,3,2
136,9,0,2,1
136,9,1,4,4
136,13,0,2,3
136,13,1,4,4
136,18,0,2,2
136,18,1,3,2
136,18,1,4,4
136,18,0,4,3
136,18,1,2,1
136,18,1,3,1
136,13,0,4,3
136,13,1,3,3
136,9,0,4,3
136,9,1,3,1
136,9,1,2,1
136,8,1,3,1
136,8,0,4,3
136,0,1,3,1
136,0,0,4,3
136,0,1,2,1
137,1,0,2,4
137,1,1,4,5
137,1,1,3,4
137,6,1,4,5
137,6,1,3,3
137,6,0,2,2
137,10,1,3,3
137,10,1,4,5
137,15,0,2,2
137,15,1,3,3
137,15,1,4,5
137,18,0,2,4
137,18,1,3,3
137,18,0,4,3
137,18,1,2,2
137,15,1,2,2
137,10,1,3,2
137,10,0,4,3
137,6,0,4,3
137,6,1,2,1
137,1,0,4,3
138,3,1,3,3
138,6,0,2,3
138,6,1,4,4
138,11,1,4,2
138,11,1,3,3
138,15,0,2,2
138,15,1,3,3
138,17,0,2,4
138,17,1,4,4
138,17,1,3,2
138,17,0,4,3
138,15,1,3,2
138,15,1,2,2
138,11,1,2,2
138,11,0,4,1
138,11,1,3,2
138,6,0,4,2
138,6,1,3,2
138,3,1,3,2
138,3,1,2,2
139,1,1,3,4
139,1,1,2,1
139,1,0,4,2
139,6,1,2,2
139,6,0,4,2
139,11,0,4,2
139,11,1,3,4
139,16,1,2,2
139,16,0,4,3
139,16,1,3,4
139,19,1,2,5
139,19,0,4,4
139,19,1,4,3
139,19,0,3,3
139,19,1,2,3
139,16,1,4,1
139,16,0,3,1
139,11,1,4,1
139,11,0,3,1
139,6,0,3,2
139,6,1,2,1
139,1,1,4,3
140,5,0,3,5
140,5,1,2,1
140,5,1,4,5
140,6,0,3,4
140,6,1,2,5
140,6,1,4,5
140,12,0,3,2
140,12,1,2,2
140,12,1,4,3
140,14,1,2,2
140,14,0,3,4
140,14,1,4,5
140,19,0,3,1
140,19,1,2,4
140,19,1,4,2
140,19,1,4,1
140,19,1,3,1
140,19,0,2,1
140,14,1,4,1
140,14,0,2,1
140,12,0,2,1
140,12,1,3,1
140,6,0,2,1
140,6,1,3,2
140,5,0,2,1
141,0,0,3,3
141,0,1,2,2
141,0,1,4,2
141,7,1,2,1
141,7,1,4,1
141,9,1,2,4
141,9,0,3,3
141,9,1,4,4
141,14,0,3,5
141,14,1,4,5
141,19,1,2,2
141,19,1,4,2
141,19,0,4,1
141,19,1,2,1
141,19,1,3,2
141,14,0,4,3
141,14,1,2,1
141,9,0,4,2
141,9,1,2,1
141,9,1,3,3
141,7,0,4,1
141,7,1,3,3
141,0,1,3,3
141,0,0,4,2
142,1,1,2,3
142,1,0,3,3
142,1,1,4,2
142,8,0,3,4
142,8,1,4,4
142,10,1,4,2
142,10,1,2,1
142,16,1,4,4
142,16,1,2,4
142,16,0,3,4
142,18,0,3,3
142,18,1,4,4
142,18,1,3,3
142,18,0,4,3
142,16,0,4,3
142,16,1,2,3
142,16,1,3,3
142,10,0,4,3
142,10,1,3,3
142,10,1,2,3
142,8,0,4,3
142,8,1,3,3
142,1,0,4,3
142,1,1,3,3
143,0,1,2,2
143,0,1,3,3
143,6,1,2,2
143,6,0,4,3
143,6,1,3,3
143,11,0,4,2
143,11,1,3,3
143,16,1,2,2
143,16,0,4,2
143,18,0,4,1
143,18,1,4,2
143,18,0,3,1
143,16,1,4,1
143,16,0,3,2
143,11,1,4,1
143,11,0,3,2
143,6,1,2,3
143,6,1,4,1
143,0,1,2,1
144,5,1,2,2
144,5,0,3,3
144,6,0,3,2
144,6,1,2,4
144,6,1,4,4
144,11,1,2,4
144,11,1,4,2
144,11,0,3,2
144,15,1,2,3
144,15,0,3,3
144,19,1,2,2
144,19,1,4,3
144,19,1,3,3
144,19,1,2,3
144,15,1,3,3
144,11,0,4,3
144,11,1,3,3
144,11,1,2,3
144,6,0,4,3
144,6,1,3,3
144,6,1,2,3
144,5,1,3,3
144,5,0,4,3
145,4,1,4,5
145,4,1,2,1
145,7,0,3,1
145,7,1,2,2
145,11,1,4,2
145,11,1,2,3
145,13,1,2,2
145,13,0,3,2
145,13,1,4,2
145,18,1,4,5
145,18,0,3,2
145,18,1,2,1
145,18,1,3,3
145,18,0,4,3
145,13,1,3,3
145,13,0,4,2
145,11,0,4,3
145,7,1,3,1
145,7,0,4,3
145,7,1,2,1
145,4,1,3,3
145,4,0,4,3
146,4,1,2,1
146,8,1,4,2
146,8,1,2,1
146,11,1,4,3
146,11,0,3,2
146,11,1,2,1
146,14,0,3,4
146,19,0,3,4
146,19,1,2,5
146,19,1,4,2
146,19,0,2,2
146,14,0,2,3
146,14,1,3,3
146,11,0,2,1
146,11,1,4,1
146,11,1,3,3
146,8,0,2,1
146,8,1,4,1
146,8,1,3,3
147,1,1,2,5
147,1,1,4,5
147,7,1,2,4
147,7,1,4,5
147,9,1,2,1
147,9,1,4,5
147,13,0,3,2
147,13,1,2,1
147,13,1,4,5
147,17,0,3,5
147,17,1,2,4
147,17,1,4,5
147,17,1,3,3
147,17,0,4,3
147,13,1,3,2
147,9,0,4,1
147,9,1,3,2
147,7,0,4,3
147,1,1,2,1
147,1,0,4,1
148,2,1,4,5
148,2,0,2,2
148,2,1,3,3
148,8,1,4,2
148,8,0,2,3
148,8,1,3,2
148,10,1,3,4
148,10,0,2,4
148,13,0,2,4
148,13,1,4,2
148,13,1,3,4
148,19,0,2,4
148,19,1,4,4
148,19,1,3,2
148,19,1,4,1
148,19,1,2,3
148,19,0,3,1
148,13,0,3,2
148,13,1,2,3
148,10,0,3,3
148,10,1,4,3
148,10,1,2,3
148,2,1,4,3
148,2,1,2,1
148,2,0,3,3
149,5,1,2,1
149,5,0,3,3
149,5,1,4,5
149,7,1,2,2
149,7,0,3,3
149,10,1,2,2
149,13,1,4,5
149,19,1,2,2
149,19,1,4,4
149,19,0,3,2
149,19,1,3,2
149,13,1,3,2
149,13,0,4,3
149,10,0,4,2
149,7,0,4,2
149,7,1,2,1
149,7,1,3,3
149,5,1,3,3
149,5,0,4,1
150,2,0,2,2
150,2,1,4,5
150,7,1,3,2
150,7,0,2,1
150,7,1,4,4
150,11,0,2,2
150,11,1,3,2
150,11,1,4,5
150,15,0,2,4
150,15,1,3,5
150,19,1,3,2
150,19,0,4,1
150,19,1,2,3
150,15,0,4,3
150,15,1,3,3
150,15,1,2,3
150,11,0,4,3
150,11,1,2,1
150,7,1,3,1
150,7,1,2,1
150,7,0,4,1
150,2,1,2,1
150,2,0,4,3
150,2,1,3,3
151,3,1,2,2
151,3,0,3,3
151,6,1,2,3
151,6,1,4,5
151,10,1,2,3
151,10,0,3,4
151,10,1,4,5
151,13,1,2,2
151,13,0,3,2
151,13,1,4,5
151,17,1,2,4
151,17,0,3,3
151,17,1,4,5
151,17,1,3,3
151,17,0,2,3
151,13,1,3,2
151,10,1,4,3
151,10,1,3,3
151,10,0,2,3
151,6,1,4,3
151,6,1,3,3
151,6,0,2,3
151,3,1,4,3
151,3,0,2,3
152,2,1,2,5
152,2,1,4,5
152,7,0,3,2
152,7,1,2,2
152,7,1,4,4
152,11,1,2,1
152,11,1,4,3
152,15,1,2,5
152,15,0,3,4
152,15,1,4,5
152,17,1,2,5
152,17,0,3,4
152,17,1,4,5
152,17,1,3,3
152,17,0,4,3
152,15,1,3,3
152,15,1,2,3
152,11,1,3,1
152,7,1,2,1
152,7,1,3,1
152,2,1,2,3
152,2,0,4,3
153,2,0,3,5
153,2,1,2,5
153,2,1,4,3
153,6,1,2,1
153,6,0,3,1
153,6,1,4,3
153,9,0,3,4
153,9,1,2,5
153,14,1,2,3
153,14,1,4,2
153,14,0,3,3
153,19,1,4,2
153,19,0,4,2
153,19,1,2,2
153,19,1,3,2
153,14,1,2,2
153,14,1,3,2
153,9,1,2,2
153,9,0,4,2
153,9,1,3,2
153,6,0,4,1
153,6,1,2,2
153,2,0,4,3
153,2,1,3,3
153,2,1,2,2
154,5,1,4,5
154,5,1,2,2
154,5,0,3,4
154,6,0,3,4
154,6,1,2,2
154,6,1,4,3
154,12,1,2,2
154,12,1,4,3
154,12,0,3,2
154,14,1,2,3
154,14,1,4,3
154,14,0,3,4
154,17,1,4,5
154,17,0,4,3
154,17,1,3,2
154,17,1,2,1
154,14,0,4,3
154,14,1,3,3
154,12,1,3,1
154,12,1,2,1
154,12,0,4,1
154,6,0,4,3
154,6,1,2,3
154,5,0,4,3
154,5,1,3,2
155,3,0,2,2
155,3,1,4,5
155,3,1,3,5
155,6,1,4,5
155,6,0,2,2
155,6,1,3,3
155,9,1,3,3
155,9,1,4,2
155,16,1,3,5
155,16,1,4,5
155,16,0,2,4
155,18,0,2,1
155,18,1,4,5
155,18,0,4,2
155,18,1,2,1
155,16,1,3,2
155,16,0,4,2
155,16,1,2,1
155,9,1,3,2
155,9,0,4,2
155,9,1,2,1
155,6,0,4,2
155,6,1,3,2
155,3,1,3,2
155,3,1,2,1
156,5,0,2,3
156,5,1,3,5
156,5,1,4,3
156,6,1,3,5
156,6,0,2,4
156,6,1,4,5
156,11,1,4,5
156,11,1,3,3
156,15,0,2,1
156,18,0,2,2
156,18,1,3,3
156,18,1,4,3
156,18,0,4,1
156,18,1,3,1
156,15,1,3,1
156,15,1,2,1
156,11,0,4,3
156,11,1,2,3
156,6,1,3,3
156,6,1,2,3
156,6,0,4,3
156,5,1,3,3
156,5,1,2,3
156,5,0,4,3
157,3,0,2,1
157,3,1,3,3
157,7,0,2,1
157,7,1,4,2
157,7,1,3,2
157,11,1,3,3
157,11,0,2,4
157,11,1,4,5
157,16,1,3,3
157,16,0,2,1
157,16,1,4,4
157,19,0,2,2
157,19,1,4,3
157,19,0,4,2
157,16,0,4,3
157,11,0,4,3
157,7,1,2,2
157,7,0,4,2
157,3,0,4,3
158,1,1,4,5
158,8,0,2,2
158,8,1,3,2
158,8,1,4,4
158,12,1,4,3
158,12,1,3,2
158,16,0,2,3
158,16,1,4,4
158,16,1,3,2
158,18,0,2,3
158,18,1,3,2
158,18,1,4,4
158,18,1,2,1
158,18,0,3,2
158,16,1,2,2
158,12,1,2,1
158,12,0,3,2
158,8,1,4,2
158,8,0,3,1
158,8,1,2,2
158,1,0,3,2
158,1,1,2,1
158,1,1,4,3
159,0,1,4,5
159,7,0,3,4
159,12,0,3,5
159,12,1,2,3
159,12,1,4,5
159,15,0,3,4
159,15,1,2,3
159,15,1,4,5
159,18,1,2,5
159,18,1,4,5
159,18,0,2,1
159,18,1,4,3
159,18,1,3,3
159,15,1,4,2
159,15,1,3,3
159,15,0,2,3
159,12,1,4,3
159,12,1,3,3
159,12,0,2,2
159,7,1,3,3
159,7,0,2,1
159,0,1,4,3
159,0,0,2,3
160,3,0,3,2
160,3,1,2,3
160,3,1,4,4
160,7,1,2,1
160,7,0,3,2
160,10,0,3,3
160,10,1,2,2
160,10,1,4,4
160,14,0,3,1
160,14,1,2,1
160,14,1,4,2
160,17,1,2,2
160,17,1,4,5
160,17,0,4,2
160,17,1,3,2
160,14,0,4,1
160,14,1,3,1
160,14,1,2,3
160,10,0,4,1
160,10,1,2,1
160,10,1,3,2
160,7,0,4,1
160,3,1,3,1
160,3,0,4,1
160,3,1,2,2
161,0,1,4,4
161,6,1,3,3
161,6,0,2,3
161,6,1,4,3
161,10,0,2,4
161,10,1,3,5
161,10,1,4,4
161,16,1,4,3
161,17,0,2,1
161,17,1,4,2
161,17,0,4,2
161,17,1,2,2
161,17,1,3,3
161,16,1,3,3
161,16,0,4,2
161,16,1,2,3
161,10,0,4,3
161,10,1,3,3
161,10,1,2,3
161,6,1,2,3
161,0,1,3,3
161,0,0,4,3
161,0,1,2,3
162,5,1,2,1
162,5,1,4,4
162,5,0,3,2
162,8,1,2,1
162,8,0,3,2
162,12,1,2,2
162,12,0,3,2
162,12,1,4,2
162,14,1,2,1
162,19,0,3,1
162,19,1,2,1
162,19,0,2,2
162,19,1,3,1
162,14,1,4,3
162,14,1,3,1
162,14,0,2,1
162,12,1,4,1
162,12,0,2,1
162,12,1,3,1
162,8,1,3,1
162,5,1,3,1
162,5,0,2,1
162,5,1,4,3
163,4,0,3,3
163,4,1,2,4
163,4,1,4,5
163,8,0,3,5
163,8,1,2,4
163,10,1,2,5
163,10,0,3,5
163,10,1,4,5
163,16,1,2,4
163,16,0,3,5
163,16,1,4,5
163,19,0,3,2
163,19,1,3,2
163,19,0,4,2
163,19,1,2,1
163,16,0,4,3
163,16,1,2,2
163,16,1,3,3
163,10,1,3,2
163,10,1,2,3
163,10,0,4,3
163,8,0,4,3
163,8,1,2,3
163,8,1,3,3
164,0,1,2,1
164,0,1,4,5
164,0,0,3,2
164,8,0,3,5
164,8,1,4,5
164,10,0,3,4
164,13,1,2,4
164,13,1,4,4
164,13,0,3,4
164,19,1,4,2
164,19,1,2,3
164,19,0,3,3
164,19,0,4,1
164,19,1,3,1
164,13,0,4,2
164,13,1,3,3
164,13,1,2,3
164,10,0,4,3
164,10,1,3,3
164,10,1,2,1
164,8,1,3,3
164,0,1,3,2
164,0,0,4,3
165,2,1,2,3
165,2,1,4,5
165,6,1,4,3
165,6,1,2,2
165,9,1,2,3
165,9,0,3,4
165,9,1,4,5
165,14,1,2,3
165,14,0,3,2
165,14,1,4,2
165,19,1,2,1
165,19,0,3,1
165,19,1,4,1
165,19,0,4,1
165,14,0,4,2
165,14,1,3,2
165,9,0,4,3
165,9,1,3,3
165,6,0,4,2
165,6,1,2,1
165,2,1,3,2
165,2,1,2,1
166,1,0,3,3
166,1,1,2,3
166,8,0,3,2
166,8,1,2,3
166,8,1,4,3
166,10,1,2,3
166,10,1,4,5
166,10,0,3,2
166,16,1,4,3
166,16,1,2,2
166,17,0,3,3
166,17,1,2,3
166,17,1,4,5
166,17,1,3,2
166,16,1,3,3
166,16,1,2,1
166,10,0,4,3
166,8,0,4,2
166,8,1,2,1
166,8,1,3,1
166,1,0,4,3
166,1,1,2,1
166,1,1,3,2
167,3,0,3,4
167,3,1,2,3
167,3,1,4,5
167,6,1,2,2
167,6,0,3,2
167,6,1,4,5
167,11,1,2,3
167,11,1,4,5
167,11,0,3,4
167,14,1,2,2
167,14,0,3,3
167,14,1,4,5
167,17,1,2,3
167,17,1,4,5
167,17,0,4,1
167,17,1,3,2
167,14,1,3,2
167,14,0,4,1
167,14,1,2,1
167,11,1,2,2
167,11,1,3,2
167,6,1,3,1
167,3,1,3,2
167,3,0,4,1
167,3,1,2,2
168,0,1,2,1
168,0,0,3,4
168,7,1,2,3
168,7,1,4,5
168,7,0,3,4
168,12,1,2,2
168,12,1,4,4
168,12,0,3,4
168,14,1,2,3
168,14,1,4,5
168,14,0,3,4
168,18,1,2,3
168,18,0,3,5
168,18,1,3,3
168,14,0,4,2
168,14,1,3,3
168,14,1,2,2
168,12,0,4,1
168,12,1,3,2
168,12,1,2,3
168,7,1,3,3
168,7,0,4,3
168,0,0,4,2
168,0,1,3,3
169,2,1,2,1
169,2,0,3,1
169,6,1,2,3
169,6,0,3,2
169,11,1,4,3
169,11,0,3,3
169,11,1,2,3
169,16,1,2,2
169,16,1,4,2
169,16,0,3,2
169,17,0,3,1
169,17,1,4,3
169,17,1,3,1
169,16,1,4,1
169,16,0,2,1
169,16,1,3,1
169,11,0,2,2
169,6,1,4,1
169,6,0,2,1
169,2,1,4,1
169,2,1,3,1
169,2,0,2,1
170,4,0,3,1
170,4,1,2,1
170,4,1,4,5
170,7,0,3,2
170,11,1,2,3
170,13,0,3,5
170,13,1,4,5
170,13,1,2,3
170,18,1,2,2
170,18,1,4,5
170,18,0,4,1
170,18,1,3,3
170,18,1,2,1
170,13,0,4,3
170,13,1,3,3
170,11,1,3,3
170,11,0,4,2
170,7,1,2,1
170,7,1,3,3
170,4,1,3,3
171,2,1,2,1
171,2,1,4,5
171,8,0,3,4
171,8,1,2,3
171,8,1,4,5
171,11,1,4,5
171,11,0,3,4
171,14,1,2,4
171,14,1,4,5
171,14,0,3,4
171,18,1,2,5
171,18,1,4,5
171,18,0,4,3
171,18,1,3,3
171,18,1,2,3
171,14,0,4,3
171,14,1,3,3
171,14,1,2,3
171,11,0,4,3
171,11,1,3,3
171,8,0,4,3
171,8,1,3,2
171,8,1,2,2
171,2,0,4,3
171,2,1,3,2
172,1,0,3,2
172,8,1,2,2
172,8,0,3,2
172,8,1,4,4
172,9,1,4,5
172,9,1,2,3
172,13,1,2,2
172,13,0,3,3
172,17,0,3,1
172,17,1,2,1
172,17,1,4,4
172,17,1,3,2
172,17,1,4,3
172,13,0,2,3
172,9,1,4,3
172,8,1,4,2
172,8,0,2,1
172,1,1,4,3
172,1,0,2,3
172,1,1,3,3
173,2,0,2,2
173,2,1,3,4
173,2,1,4,5
173,8,0,2,3
173,8,1,3,3
173,8,1,4,4
173,10,0,2,3
173,10,1,3,4
173,15,0,2,2
173,15,1,3,4
173,17,0,2,2
173,17,1,4,5
173,17,1,3,3
173,17,1,3,2
173,17,0,4,3
173,17,1,2,2
173,15,0,4,3
173,15,1,2,2
173,15,1,3,2
173,10,0,4,3
173,10,1,3,2
173,8,1,2,1
173,8,1,3,2
173,2,0,4,3
173,2,1,3,2
173,2,1,2,1
174,1,0,3,3
174,1,1,4,3
174,7,1,2,5
174,7,1,4,3
174,10,1,2,4
174,10,0,3,3
174,10,1,4,4
174,15,1,2,4
174,15,0,3,3
174,15,1,4,3
174,17,1,3,1
174,17,0,2,3
174,17,1,4,2
174,15,1,3,3
174,15,0,2,3
174,15,1,4,1
174,10,1,4,2
174,10,1,3,1
174,10,0,2,2
174,7,1,3,2
174,7,0,2,3
174,1,1,3,2
174,1,0,2,1
174,1,1,4,1
175,0,0,3,3
175,6,1,2,3
175,6,0,3,3
175,10,1,2,3
175,10,0,3,2
175,13,1,4,3
175,13,0,3,2
175,19,1,2,3
175,19,0,3,3
175,19,1,4,3
175,19,1,3,2
175,19,1,4,2
175,19,0,2,2
175,13,1,4,2
175,13,1,3,2
175,13,0,2,1
175,10,1,3,2
175,10,0,2,1
175,10,1,4,2
175,6,1,3,2
175,6,0,2,2
175,0,0,2,2
176,4,1,4,4
176,4,1,3,1
176,7,0,2,1
176,7,1,4,2
176,7,1,3,1
176,12,1,3,1
176,12,0,2,1
176,15,1,3,2
176,15,0,2,5
176,15,1,4,5
176,19,1,3,1
176,19,0,2,1
176,19,0,3,1
176,19,1,2,1
176,15,0,3,2
176,15,1,2,1
176,12,1,2,1
176,12,1,4,1
176,12,0,3,1
176,7,1,2,1
176,7,0,3,1
176,4,1,2,1
177,0,0,2,5
177,0,1,4,5
177,8,0,2,2
177,8,1,3,3
177,8,1,4,5
177,9,1,3,5
177,9,1,4,5
177,14,0,2,4
177,14,1,3,2
177,14,1,4,5
177,18,0,2,2
177,18,1,4,5
177,18,1,3,1
177,18,1,2,1
177,18,0,4,3
177,14,1,3,1
177,14,0,4,1
177,9,1,2,3
177,9,1,3,3
177,8,0,4,3
177,8,1,2,3
177,0,1,2,3
177,0,0,4,3
177,0,1,3,3
178,3,1,2,5
178,3,1,4,4
178,8,1,2,1
178,8,1,4,5
178,8,0,3,1
178,9,1,4,5
178,15,1,2,5
178,15,0,3,4
178,19,1,2,1
178,19,0,2,1
178,19,1,3,1
178,15,0,2,3
178,15,1,4,3
178,9,1,4,3
178,9,0,2,2
178,9,1,3,2
178,8,1,4,3
178,8,1,3,2
178,8,0,2,1
178,3,1,3,3
178,3,1,4,3
178,3,0,2,2
179,0,0,3,2
179,6,1,4,5
179,11,1,2,3
179,11,1,4,3
179,16,0,3,3
179,16,1,4,4
179,16,1,2,2
179,19,0,3,4
179,19,1,2,3
179,19,1,4,4
179,19,0,4,3
179,19,1,3,1
179,16,1,3,3
179,11,0,4,2
179,11,1,3,1
179,6,0,4,3
179,6,1,2,3
179,0,0,4,1
179,0,1,3,2
180,4,0,2,2
180,4,1,3,2
180,8,0,2,2
180,8,1,4,4
180,10,0,2,1
180,10,1,4,4
180,10,1,3,2
180,15,0,2,2
180,15,1,4,4
180,15,1,3,2
180,17,1,4,2
180,17,1,3,2
180,17,1,4,1
180,17,0,3,1
180,17,1,2,3
180,15,0,3,1
180,15,1,2,1
180,15,1,4,1
180,10,1,2,1
180,10,1,4,1
180,8,1,4,2
180,8,1,2,1
180,8,0,3,1
180,4,0,3,1
180,4,1,4,3
180,4,1,2,1
181,3,1,3,4
181,3,0,2,4
181,6,1,3,4
181,6,0,2,5
181,11,0,2,3
181,11,1,3,3
181,11,1,4,3
181,15,0,2,3
181,15,1,3,3
181,18,1,4,5
181,18,0,3,2
181,18,1,2,3
181,18,1,4,3
181,15,0,3,2
181,15,1,2,1
181,11,1,2,2
181,6,1,4,3
181,6,0,3,3
181,6,1,2,3
181,3,1,2,2
181,3,1,4,3
181,3,0,3,3
182,0,1,2,3
182,0,1,4,5
182,6,1,2,2
182,6,0,3,2
182,11,1,2,1
182,11,1,4,4
182,11,0,3,1
182,16,1,4,5
182,16,1,2,1
182,16,0,3,2
182,18,1,2,4
182,18,0,3,4
182,18,1,4,5
182,18,1,3,3
182,16,0,4,3
182,16,1,3,3
182,11,1,3,1
182,11,0,4,3
182,6,0,4,3
182,6,1,3,1
182,0,0,4,3
183,5,0,3,1
183,5,1,4,2
183,6,0,3,4
183,6,1,2,4
183,6,1,4,5
183,9,1,4,5
183,9,0,3,2
183,16,0,3,2
183,16,1,4,4
183,16,1,2,2
183,18,0,3,1
183,18,1,2,1
183,18,1,4,3
183,18,0,4,1
183,16,1,3,2
183,16,0,4,1
183,9,1,3,2
183,9,0,4,2
183,9,1,2,1
183,6,1,3,3
183,6,1,2,3
183,5,1,2,1
183,5,1,3,1
183,5,0,4,1
184,4,0,3,4
184,4,1,4,5
184,4,1,2,5
184,8,0,3,4
184,8,1,4,5
184,8,1,2,4
184,9,0,3,2
184,9,1,2,1
184,9,1,4,5
184,14,1,2,5
184,14,1,4,4
184,19,1,2,1
184,19,0,2,3
184,19,1,3,3
184,14,0,2,3
184,14,1,3,1
184,9,1,4,3
184,9,1,3,2
184,8,1,4,3
184,8,0,2,3
184,8,1,3,3
184,4,1,3,2
184,4,0,2,3
184,4,1,4,3
185,5,0,3,5
185,5,1,4,5
185,5,1,2,5
185,6,1,2,5
185,6,1,4,5
185,9,1,2,2
185,9,1,4,5
185,14,1,2,1
185,14,0,3,2
185,17,0,3,2
185,17,1,3,1
185,17,1,4,3
185,14,0,2,1
185,9,1,4,3
185,9,0,2,2
185,9,1,3,2
185,6,1,3,3
185,6,0,2,3
185,6,1,4,3
185,5,1,4,3
185,5,1,3,3
185,5,0,2,3
186,4,0,2,2
186,4,1,4,4
186,4,1,3,3
186,7,0,2,1
186,7,1,4,2
186,11,0,2,2
186,11,1,4,2
186,11,1,3,2
186,14,1,3,4
186,14,0,2,5
186,14,1,4,5
186,18,1,3,2
186,18,0,2,2
186,18,0,4,2
186,18,1,2,1
186,14,1,3,3
186,14,1,2,3
186,14,0,4,3
186,7,0,4,1
186,4,0,4,2
186,4,1,3,1
186,4,1,2,1
187,4,1,3,3
187,4,0,2,2
187,4,1,4,5
187,8,1,3,3
187,8,0,2,3
187,11,0,2,1
187,11,1,4,4
187,11,1,3,2
187,13,1,3,1
187,13,1,4,2
187,19,1,3,2
187,19,0,2,3
187,19,1,4,2
187,19,1,2,2
187,19,0,4,1
187,19,1,3,1
187,13,0,4,2
187,13,1,2,1
187,11,0,4,2
187,11,1,2,1
187,8,0,4,3
187,8,1,3,2
187,4,1,2,1
187,4,0,4,2
187,4,1,3,2
188,3,1,3,1
188,3,0,2,1
188,3,1,4,2
188,6,1,4,5
188,6,1,3,3
188,6,0,2,2
188,10,1,3,4
188,10,1,4,4
188,15,0,2,4
188,15,1,3,4
188,15,1,4,4
188,17,0,2,1
188,17,1,3,1
188,17,1,4,2
188,17,1,2,1
188,17,1,4,1
188,17,0,3,1
188,15,1,4,2
188,15,0,3,1
188,15,1,2,2
188,10,1,2,1
188,6,1,4,3
188,3,1,2,1
188,3,1,4,1
188,3,0,3,1
189,1,1,2,5
189,1,0,3,5
189,1,1,4,5
189,6,1,2,2
189,6,1,4,4
189,11,1,4,5
189,11,0,3,3
189,11,1,2,2
189,15,1,2,1
189,15,0,3,3
189,15,1,4,5
189,17,0,3,4
189,17,1,4,4
189,17,1,3,3
189,17,1,2,1
189,15,0,4,3
189,15,1,3,3
189,11,1,3,2
189,11,1,2,1
189,6,0,4,1
189,6,1,2,3
189,1,0,4,3
189,1,1,3,3
189,1,1,2,3
190,0,1,2,2
190,0,1,4,5
190,0,0,3,2
190,7,0,3,2
190,7,1,2,2
190,7,1,4,5
190,13,0,3,3
190,13,1,2,3
190,19,0,3,2
190,19,1,4,4
190,19,1,2,2
190,19,0,4,2
190,19,1,2,1
190,13,0,4,3
190,13,1,2,2
190,13,1,3,2
190,10,1,2,2
190,10,1,3,3
190,7,1,2,1
190,0,1,2,1
191,2,0,3,4
191,2,1,4,5
191,2,1,2,4
191,6,1,2,1
191,6,1,4,2
191,11,1,2,3
191,11,0,3,4
191,16,1,4,4
191,17,0,3,4
191,17,1,4,5
191,17,1,3,3
191,17,1,2,3
191,16,0,4,3
191,16,1,3,3
191,16,1,2,1
191,6,0,4,2
191,6,1,3,1
191,2,1,3,3
191,2,1,2,3
191,2,0,4,3
192,0,1,4,5
192,6,0,3,4
192,6,1,2,1
192,6,1,4,5
192,12,1,2,1
192,12,1,4,5
192,12,0,3,1
192,14,1,2,1
192,14,1,4,5
192,18,1,2,1
192,18,1,4,4
192,18,1,4,1
192,18,1,3,1
192,14,1,4,3
192,14,0,2,1
192,14,1,3,2
192,12,1,4,3
192,12,1,3,1
192,12,0,2,1
192,6,1,3,2
192,0,1,4,3
192,0,0,2,1
193,1,1,4,5
193,1,0,3,4
193,8,1,4,5
193,8,0,3,4
193,12,0,3,3
193,12,1,2,3
193,13,1,2,1
193,13,1,4,5
193,13,0,3,2
193,17,0,3,3
193,17,0,2,1
193,17,1,4,3
193,17,1,3,2
193,13,1,4,3
193,13,0,2,1
193,12,1,4,3
193,12,0,2,1
193,12,1,3,2
193,8,1,4,3
193,8,0,2,1
193,8,1,3,2
193,1,1,3,2
193,1,0,2,2
193,1,1,4,3
194,1,1,2,2
194,1,1,4,5
194,7,1,2,2
194,7,1,4,5
194,7,0,3,2
194,9,1,4,5
194,9,0,3,4
194,9,1,2,4
194,16,1,2,2
194,16,1,4,5
194,16,0,3,2
194,17,1,2,3
194,17,0,3,3
194,17,1,4,5
194,17,1,4,3
194,17,1,3,2
194,16,0,2,1
194,9,0,2,3
194,9,1,4,3
194,7,0,2,1
194,7,1,3,2
194,1,1,4,3
194,1,1,3,3
195,2,1,2,2
195,2,1,4,4
195,7,1,2,1
195,7,0,3,1
195,7,1,4,3
195,12,1,4,3
195,12,0,3,3
195,14,1,2,2
195,14,0,3,1
195,14,1,4,5
195,18,1,2,1
195,18,0,3,4
195,18,1,4,4
195,18,0,4,3
195,18,1,3,3
195,14,0,4,2
195,14,1,2,1
195,14,1,3,1
195,12,1,3,3
195,12,0,4,3
195,12,1,2,3
195,7,1,3,1
195,7,0,4,1
195,2,0,4,3
195,2,1,3,3
196,1,1,2,1
196,1,1,4,2
196,7,1,2,3
196,7,1,4,2
196,7,0,3,2
196,14,0,3,2
196,14,1,4,2
196,14,1,2,2
196,18,1,2,2
196,18,0,4,1
196,14,1,3,2
196,14,1,2,1
196,14,0,4,1
196,9,1,3,2
196,7,0,4,1
196,7,1,2,1
196,1,1,3,1
197,5,1,2,2
197,5,1,4,3
197,5,0,3,2
197,8,1,4,2
197,8,0,3,2
197,8,1,2,1
197,9,1,2,2
197,9,0,3,2
197,15,1,2,3
197,15,0,3,2
197,15,1,4,3
197,19,1,2,2
197,19,0,3,3
197,19,0,4,1
197,19,1,3,1
197,15,1,3,2
197,15,1,2,2
197,15,0,4,2
197,9,1,3,1
197,9,1,2,1
197,9,0,4,1
197,8,1,3,2
197,5,0,4,1
198,3,1,4,3
198,3,0,3,2
198,3,1,2,1
198,6,1,2,1
198,6,1,4,3
198,6,0,3,1
198,10,1,2,1
198,10,1,4,4
198,16,1,2,1
198,16,1,4,4
198,16,0,3,1
198,17,1,2,1
198,17,0,3,1
198,17,0,4,3
198,17,1,3,1
198,16,0,4,3
198,16,1,3,2
198,10,1,3,1
198,10,0,4,3
198,6,1,3,1
198,6,0,4,3
198,3,0,4,3
198,3,1,3,2
199,5,0,3,2
199,5,1,4,5
199,5,1,2,3
199,8,1,2,5
199,8,0,3,5
199,8,1,4,5
199,9,1,2,3
199,9,1,4,5
199,9,0,3,3
199,16,0,3,3
199,16,1,4,5
199,17,0,3,1
199,17,1,4,5
199,17,1,2,1
199,17,0,4,3
199,16,1,2,2
199,16,0,4,3
199,16,1,3,3
199,9,0,4,3
199,9,1,3,3
199,8,0,4,3
199,8,1,3,3
199,8,1,2,3
199,5,1,2,1
199,5,0,4,3
199,5,1,3,1
200,1,1,2,1
200,1,1,4,5
200,1,0,3,2
200,8,1,4,5
200,8,1,2,4
200,8,0,3,4
200,11,0,3,2
200,11,1,2,1
200,11,1,4,3
200,13,1,2,4
200,13,1,4,5
200,13,0,3,4
200,19,1,4,4
200,19,1,2,3
200,19,0,4,2
200,19,1,3,1
200,19,1,2,2
200,13,1,2,2
200,13,0,4,3
200,13,1,3,2
200,11,0,4,2
200,11,1,3,1
200,8,1,3,1
200,8,0,4,3
200,1,0,4,3
201,2,0,3,2
201,2,1,2,2
201,2,1,4,5
201,8,1,2,2
201,10,1,2,2
201,10,1,4,5
201,10,0,3,2
201,15,1,2,2
201,15,1,4,5
201,15,0,3,2
201,19,1,2,2
201,19,1,4,5
201,19,0,3,2
201,19,0,2,2
201,19,1,4,3
201,19,1,3,2
201,15,1,3,2
201,8,1,4,3
201,8,0,2,1
201,2,0,2,1
201,2,1,3,2
202,1,1,4,5
202,1,0,3,5
202,1,1,2,3
202,8,1,2,3
202,10,1,2,1
202,10,0,3,2
202,10,1,4,5
202,13,0,3,2
202,17,1,4,3
202,17,0,3,3
202,17,0,4,2
202,17,1,3,3
202,17,1,2,2
202,13,0,4,1
202,13,1,3,1
202,10,1,3,1
202,10,0,4,1
202,8,1,3,3
202,1,0,4,3
202,1,1,3,3
203,1,1,2,2
203,1,1,4,4
203,10,1,4,5
203,10,0,3,4
203,16,1,2,2
203,16,1,4,4
203,16,0,3,3
203,19,1,2,2
203,19,1,4,3
203,19,0,3,2
203,19,1,3,1
203,19,1,2,1
203,19,0,4,1
203,16,0,4,2
203,16,1,3,2
203,16,1,2,1
203,10,0,4,3
203,10,1,3,3
203,6,1,2,1
203,1,1,3,3
203,1,1,2,1
204,4,0,3,5
204,4,1,2,5
204,4,1,4,5
204,8,1,4,5
204,10,1,2,5
204,10,0,3,5
204,10,1,4,5
204,13,1,2,5
204,18,0,3,5
204,18,1,2,5
204,18,1,4,5
204,18,1,3,3
204,18,1,2,3
204,13,1,2,3
204,13,0,4,3
204,10,1,3,3
204,10,1,2,3
204,10,0,4,3
204,8,0,4,3
204,8,1,3,3
204,8,1,2,3
204,4,0,4,3
204,4,1,3,3
204,4,1,2,3
205,5,0,3,2
205,5,1,2,2
205,5,1,4,4
205,7,0,3,2
205,7,1,4,2
205,12,1,2,4
205,12,1,4,2
205,12,0,3,2
205,14,1,4,2
205,14,0,3,4
205,17,1,2,3
205,17,1,4,4
205,17,1,2,1
205,17,0,4,3
205,17,1,3,2
205,14,0,4,3
205,14,1,3,3
205,12,1,3,1
205,12,1,2,3
205,12,0,4,2
205,7,0,4,2
205,7,1,3,1
205,7,1,2,3
205,5,1,3,2
205,5,0,4,2
206,0,0,3,4
206,0,1,2,2
206,0,1,4,4
206,7,1,2,2
206,7,1,4,4
206,9,0,3,2
206,15,0,3,2
206,15,1,2,2
206,15,1,4,5
206,18,0,3,4
206,18,1,2,2
206,18,1,4,3
206,18,0,2,3
206,18,1,3,3
206,15,1,4,3
206,15,1,3,2
206,15,0,2,3
206,9,0,2,1
206,9,1,3,1
206,7,0,2,3
206,7,1,4,3
206,0,0,2,3
206,0,1,4,3
206,0,1,3,3
207,0,1,2,2
207,0,1,4,5
207,8,1,4,3
207,8,0,3,4
207,11,0,3,5
207,11,1,2,1
207,11,1,4,5
207,15,0,3,5
207,15,1,4,5
207,17,1,4,4
207,17,1,2,4
207,17,0,3,4
207,17,1,3,1
207,17,1,4,2
207,17,0,2,3
207,15,1,4,3
207,15,1,3,2
207,15,0,2,3
207,11,1,3,3
207,8,1,3,1
207,8,0,2,3
207,0,1,3,3
207,0,0,2,1
208,4,0,3,4
208,4,1,2,2
208,4,1,4,5
208,8,1,2,3
208,8,1,4,4
208,10,1,2,2
208,10,1,4,5
208,10,0,3,4
208,14,1,2,3
208,14,0,3,2
208,14,1,4,3
208,19,0,3,2
208,19,1,2,4
208,19,1,4,3
208,19,0,4,3
208,19,1,2,1
208,14,0,4,3
208,14,1,3,1
208,10,1,3,2
208,10,0,4,3
208,8,1,2,1
208,8,1,3,1
208,4,1,3,2
208,4,0,4,3
209,5,1,4,4
209,5,0,3,2
209,6,1,2,2
209,6,1,4,4
209,6,0,3,2
209,9,1,2,3
209,9,1,4,5
209,14,1,4,4
209,14,0,3,2
209,17,1,2,2
209,17,1,4,4
209,17,0,3,2
209,17,1,3,1
209,17,0,4,3
209,17,1,2,1
209,14,0,4,3
209,14,1,2,1
209,14,1,3,2
209,9,0,4,3
209,6,1,3,2
209,6,0,4,3
209,6,1,2,1
209,5,1,3,1
209,5,0,4,3
209,5,1,2,3
210,2,0,2,4
210,2,1,3,5
210,2,1,4,5
210,8,0,2,2
210,8,1,4,2
210,10,0,2,5
210,10,1,4,5
210,10,1,3,4
210,13,0,2,1
210,13,1,4,5
210,13,1,3,2
210,18,0,2,3
210,18,1,4,5
210,18,1,3,5
210,18,0,4,3
210,18,1,2,3
210,13,1,3,3
210,13,1,2,1
210,13,0,4,1
210,10,1,3,3
210,10,0,4,3
210,8,1,3,2
210,8,1,2,2
210,2,1,3,3
210,2,1,2,1
211,4,0,2,2
211,4,1,4,4
211,4,1,3,3
211,8,0,2,3
211,8,1,4,4
211,8,1,3,4
211,10,0,2,4
211,10,1,4,4
211,10,1,3,4
211,14,0,2,4
211,14,1,4,2
211,17,0,2,4
211,17,1,4,4
211,17,1,3,3
211,17,1,2,3
211,17,1,4,3
211,17,0,3,3
211,14,0,3,2
211,14,1,2,2
211,10,1,2,3
211,8,1,2,3
211,8,1,4,3
211,8,0,3,3
211,4,1,4,3
211,4,0,3,3
211,4,1,2,1
